<?xml version="1.0" encoding="utf-8"?>
<COLLADA xmlns="http://www.collada.org/2005/11/COLLADASchema" version="1.4.1">
  <asset>
    <contributor>
      <author>Mixamo</author>
      <authoring_tool>COLLADA Mixamo exporter</authoring_tool>
      <comments/>
    </contributor>
    <created>2024-05-20T06:11:21Z</created>
    <modified>2024-05-20T06:11:21Z</modified>
    <revision/>
    <title/>
    <unit meter="0.010000"/>
    <up_axis>Y_UP</up_axis>
  </asset>
  <library_animations>
    <animation id="mixamorig7_Hips-anim" name="mixamorig7_Hips">
      <source id="mixamorig7_Hips-Matrix-animation-input">
        <float_array id="mixamorig7_Hips-Matrix-animation-input-array" count="31">

0.000000 0.033333 0.066667 0.100000 0.133333 0.166667 0.200000 0.233333 0.266667 0.300000 0.333333 0.366667 0.400000 0.433333 0.466667 0.500000
0.533333 0.566667 0.600000 0.633333 0.666667 0.700000 0.733333 0.766667 0.800000 0.833333 0.866667 0.900000 0.933333 0.966667 1.000000</float_array>
        <technique_common>
          <accessor source="#mixamorig7_Hips-Matrix-animation-input-array" count="31">
            <param name="TIME" type="float"/>
          </accessor>
        </technique_common>
      </source>
      <source id="mixamorig7_Hips-Matrix-animation-output-transform">
        <float_array id="mixamorig7_Hips-Matrix-animation-output-transform-array" count="496">

0.994126 -0.053223 0.094234 -0.071090 -0.107906 -0.420654 0.900781 31.527109 -0.008302 -0.905659 -0.423926 -2.664940 0.000000 0.000000 0.000000 1.000000
0.987992 -0.097375 -0.119958 3.313901 0.063690 -0.450690 0.890406 31.588840 -0.140767 -0.887354 -0.439076 -4.481325 0.000000 0.000000 0.000000 1.000000
0.937637 -0.132420 -0.321407 6.766892 0.236086 -0.436069 0.868393 31.951248 -0.255148 -0.890117 -0.377612 -7.474092 0.000000 0.000000 0.000000 1.000000
0.852816 -0.174241 -0.492285 9.646671 0.412263 -0.353991 0.839482 32.700340 -0.320537 -0.918874 -0.230056 -11.821203 0.000000 0.000000 0.000000 1.000000
0.752251 -0.246373 -0.611080 11.386576 0.576042 -0.204284 0.791482 34.205101 -0.319834 -0.947401 -0.011752 -17.270636 0.000000 0.000000 0.000000 1.000000
0.665791 -0.355637 -0.655930 11.598599 0.700364 -0.005301 0.713767 36.815228 -0.257319 -0.934609 0.245546 -23.109306 0.000000 0.000000 0.000000 1.000000
0.619131 -0.486787 -0.616210 10.729023 0.768231 0.212798 0.603769 40.200676 -0.162779 -0.847204 0.505715 -28.608166 0.000000 0.000000 0.000000 1.000000
0.613771 -0.606299 -0.505656 9.191576 0.786839 0.417391 0.454608 44.253197 -0.064572 -0.676895 0.733242 -33.940804 0.000000 0.000000 0.000000 1.000000
0.633181 -0.686302 -0.357870 7.086859 0.773455 0.578441 0.259179 49.018951 0.029132 -0.440903 0.897082 -38.728405 0.000000 0.000000 0.000000 1.000000
0.672765 -0.712260 -0.200185 4.752669 0.729775 0.683360 0.021165 54.307529 0.121723 -0.160329 0.979530 -42.223385 0.000000 0.000000 0.000000 1.000000
0.733761 -0.677907 -0.045132 2.681222 0.649170 0.719154 -0.247782 59.686771 0.200430 0.152515 0.967764 -43.774422 0.000000 0.000000 0.000000 1.000000
0.807603 -0.584270 0.080032 1.226604 0.536396 0.671379 -0.511399 64.588890 0.245063 0.455937 0.855608 -43.382679 0.000000 0.000000 0.000000 1.000000
0.889647 -0.440254 0.121267 0.770716 0.384161 0.577982 -0.719970 68.917938 0.246879 0.687105 0.683328 -41.310005 0.000000 0.000000 0.000000 1.000000
0.962432 -0.267687 0.045473 1.860674 0.176008 0.487538 -0.855177 72.196198 0.206750 0.831054 0.516337 -38.432835 0.000000 0.000000 0.000000 1.000000
0.987539 -0.094034 -0.126191 4.415533 -0.078516 0.400533 -0.912912 73.065018 0.136388 0.911444 0.388159 -36.578125 0.000000 0.000000 0.000000 1.000000
0.938669 0.068488 -0.337950 7.497563 -0.341581 0.318705 -0.884166 71.003426 0.047151 0.945377 0.322552 -36.893341 0.000000 0.000000 0.000000 1.000000
0.824217 0.219848 -0.521856 10.184766 -0.565577 0.273849 -0.777901 66.806519 -0.028110 0.936309 0.350051 -38.868797 0.000000 0.000000 0.000000 1.000000
0.674507 0.373766 -0.636662 12.110685 -0.736156 0.275322 -0.618282 61.620338 -0.055806 0.885718 0.460857 -40.999775 0.000000 0.000000 0.000000 1.000000
0.497798 0.534594 -0.682940 13.009502 -0.866663 0.276608 -0.415191 55.926006 -0.033052 0.798560 0.601008 -41.974201 0.000000 0.000000 0.000000 1.000000
0.290265 0.697007 -0.655689 12.246507 -0.956322 0.236023 -0.172455 49.801666 0.034556 0.677107 0.735072 -41.309395 0.000000 0.000000 0.000000 1.000000
0.137811 0.844254 -0.517921 9.240217 -0.976575 0.203069 0.071168 43.868111 0.165258 0.495981 0.852463 -38.988899 0.000000 0.000000 0.000000 1.000000
0.131450 0.943847 -0.303108 4.500267 -0.935010 0.219632 0.278421 39.084000 0.329358 0.246810 0.911377 -35.155048 0.000000 0.000000 0.000000 1.000000
0.163095 0.981039 -0.104704 -0.094511 -0.873612 0.192916 0.446749 35.347969 0.458477 0.018608 0.888511 -30.505081 0.000000 0.000000 0.000000 1.000000
0.208487 0.977054 0.043574 -3.550653 -0.810095 0.147555 0.567428 33.273739 0.547978 -0.153600 0.822270 -25.911633 0.000000 0.000000 0.000000 1.000000
0.280609 0.930750 0.234444 -5.706463 -0.747664 0.058794 0.661470 32.261757 0.601879 -0.360900 0.712386 -22.371727 0.000000 0.000000 0.000000 1.000000
0.389775 0.833591 0.391410 -7.336230 -0.674647 -0.030834 0.737496 31.955086 0.626839 -0.551521 0.550361 -18.960278 0.000000 0.000000 0.000000 1.000000
0.550637 0.705944 0.445469 -8.457674 -0.574963 -0.066131 0.815503 32.306309 0.605158 -0.705174 0.369477 -15.482306 0.000000 0.000000 0.000000 1.000000
0.705054 0.558066 0.437563 -8.666720 -0.457313 -0.113783 0.881997 32.597675 0.542000 -0.821958 0.174988 -11.856676 0.000000 0.000000 0.000000 1.000000
0.838187 0.376350 0.394720 -7.343534 -0.337150 -0.211324 0.917427 32.484348 0.428687 -0.902055 -0.050243 -8.332977 0.000000 0.000000 0.000000 1.000000
0.945356 0.157886 0.285260 -4.408874 -0.221577 -0.330709 0.917352 32.020195 0.239175 -0.930432 -0.277654 -5.307907 0.000000 0.000000 0.000000 1.000000
0.994126 -0.053223 0.094234 -0.071090 -0.107906 -0.420654 0.900781 31.527132 -0.008302 -0.905659 -0.423926 -2.664933 0.000000 0.000000 0.000000 1.000000</float_array>
        <technique_common>
          <accessor source="#mixamorig7_Hips-Matrix-animation-output-transform-array" count="31" stride="16">
            <param type="float4x4"/>
          </accessor>
        </technique_common>
      </source>
      <source id="mixamorig7_Hips-Interpolations">
        <Name_array id="mixamorig7_Hips-Interpolations-array" count="31">
 LINEAR LINEAR LINEAR LINEAR LINEAR LINEAR LINEAR LINEAR LINEAR LINEAR LINEAR
LINEAR LINEAR LINEAR LINEAR LINEAR LINEAR LINEAR LINEAR LINEAR LINEAR LINEAR LINEAR
LINEAR LINEAR LINEAR LINEAR LINEAR LINEAR LINEAR LINEAR</Name_array>
        <technique_common>
          <accessor source="#mixamorig7_Hips-Interpolations-array" count="31">
            <param type="name"/>
          </accessor>
        </technique_common>
      </source>
      <sampler id="mixamorig7_Hips-Matrix-animation-transform">
        <input semantic="INPUT" source="#mixamorig7_Hips-Matrix-animation-input"/>
        <input semantic="OUTPUT" source="#mixamorig7_Hips-Matrix-animation-output-transform"/>
        <input semantic="INTERPOLATION" source="#mixamorig7_Hips-Interpolations"/>
      </sampler>
      <channel source="#mixamorig7_Hips-Matrix-animation-transform" target="mixamorig7_Hips/matrix"/>
    </animation>
    <animation id="mixamorig7_Spine-anim" name="mixamorig7_Spine">
      <source id="mixamorig7_Spine-Matrix-animation-input">
        <float_array id="mixamorig7_Spine-Matrix-animation-input-array" count="31">

0.000000 0.033333 0.066667 0.100000 0.133333 0.166667 0.200000 0.233333 0.266667 0.300000 0.333333 0.366667 0.400000 0.433333 0.466667 0.500000
0.533333 0.566667 0.600000 0.633333 0.666667 0.700000 0.733333 0.766667 0.800000 0.833333 0.866667 0.900000 0.933333 0.966667 1.000000</float_array>
        <technique_common>
          <accessor source="#mixamorig7_Spine-Matrix-animation-input-array" count="31">
            <param name="TIME" type="float"/>
          </accessor>
        </technique_common>
      </source>
      <source id="mixamorig7_Spine-Matrix-animation-output-transform">
        <float_array id="mixamorig7_Spine-Matrix-animation-output-transform-array" count="496">

0.990062 0.043232 -0.133821 -0.000000 -0.127737 0.674481 -0.727157 9.694400 0.058823 0.737025 0.673301 -1.109700 0.000000 0.000000 0.000000 1.000000
0.986992 0.130997 -0.093204 0.000000 -0.154884 0.619325 -0.769706 9.694400 -0.043106 0.774129 0.631558 -1.109700 0.000000 0.000000 0.000000 1.000000
0.982254 0.177788 -0.059731 0.000000 -0.153647 0.580143 -0.799892 9.694400 -0.107559 0.794875 0.597164 -1.109700 0.000000 0.000000 0.000000 1.000000
0.981839 0.184980 -0.042123 0.000000 -0.142561 0.572884 -0.807143 9.694400 -0.125174 0.798490 0.588851 -1.109700 0.000000 0.000000 0.000000 1.000000
0.984588 0.169418 -0.043398 0.000000 -0.137685 0.597890 -0.789665 9.694400 -0.107836 0.783470 0.612002 -1.109700 0.000000 0.000000 0.000000 1.000000
0.989101 0.136936 -0.054107 0.000000 -0.130228 0.642161 -0.755427 9.694400 -0.068700 0.754240 0.652995 -1.109700 0.000000 0.000000 0.000000 1.000000
0.994320 0.080353 -0.069790 0.000000 -0.105983 0.687519 -0.718391 9.694400 -0.009743 0.721707 0.692130 -1.109700 0.000000 0.000000 0.000000 1.000000
0.995733 0.002115 -0.092257 -0.000000 -0.065960 0.715487 -0.695506 9.694400 0.064538 0.698623 0.712573 -1.109700 0.000000 0.000000 0.000000 1.000000
0.989563 -0.070884 -0.125464 0.000000 -0.036927 0.716843 -0.696256 9.694400 0.139291 0.693622 0.706744 -1.109700 0.000000 0.000000 0.000000 1.000000
0.980980 -0.112740 -0.158012 -0.000000 -0.033012 0.705285 -0.708155 9.694400 0.191281 0.699902 0.688148 -1.109700 0.000000 0.000000 0.000000 1.000000
0.978726 -0.115951 -0.169263 0.000000 -0.039381 0.703482 -0.709621 9.694400 0.201355 0.701191 0.683950 -1.109700 0.000000 0.000000 0.000000 1.000000
0.983374 -0.089425 -0.158047 0.000000 -0.048036 0.711235 -0.701312 9.694400 0.175124 0.697243 0.695114 -1.109700 0.000000 0.000000 0.000000 1.000000
0.989106 -0.054360 -0.136801 -0.000000 -0.058357 0.708378 -0.703417 9.694400 0.135145 0.703737 0.697489 -1.109700 0.000000 0.000000 0.000000 1.000000
0.994358 -0.023198 -0.103507 0.000000 -0.058045 0.697739 -0.713996 9.694400 0.088785 0.715976 0.692456 -1.109700 0.000000 0.000000 0.000000 1.000000
0.999230 0.008081 -0.038392 0.000000 -0.032787 0.709421 -0.704022 9.694400 0.021547 0.704738 0.709140 -1.109700 0.000000 0.000000 0.000000 1.000000
0.997478 0.036816 0.060685 0.000000 0.012844 0.747236 -0.664435 9.694400 -0.069808 0.663538 0.744878 -1.109700 0.000000 0.000000 0.000000 1.000000
0.988167 0.048915 0.145375 0.000000 0.054232 0.775144 -0.629452 9.694400 -0.143476 0.629888 0.763319 -1.109700 0.000000 0.000000 0.000000 1.000000
0.984082 0.037258 0.173766 -0.000000 0.082504 0.770239 -0.632396 9.694400 -0.157403 0.636666 0.754904 -1.109700 0.000000 0.000000 0.000000 1.000000
0.988356 0.020012 0.150838 0.000000 0.085913 0.744781 -0.661755 9.694400 -0.125584 0.667008 0.734390 -1.109700 0.000000 0.000000 0.000000 1.000000
0.993139 0.017678 0.115600 0.000000 0.066712 0.726238 -0.684199 9.694400 -0.096048 0.687216 0.720075 -1.109700 0.000000 0.000000 0.000000 1.000000
0.996045 0.023141 0.085783 0.000000 0.042010 0.728084 -0.684199 9.694400 -0.078290 0.685097 0.724232 -1.109700 0.000000 0.000000 0.000000 1.000000
0.998765 0.012192 0.048173 0.000000 0.023078 0.744738 -0.666957 9.694400 -0.044008 0.667245 0.743537 -1.109700 0.000000 0.000000 0.000000 1.000000
0.999767 -0.021262 -0.003793 0.000000 0.013776 0.763014 -0.646235 9.694400 0.016634 0.646032 0.763129 -1.109700 0.000000 0.000000 0.000000 1.000000
0.996204 -0.058725 -0.064260 -0.000000 0.004356 0.770886 -0.636959 9.694400 0.086942 0.634261 0.768215 -1.109700 0.000000 0.000000 0.000000 1.000000
0.990589 -0.084670 -0.107542 0.000000 -0.004395 0.765622 -0.643275 9.694400 0.136802 0.637694 0.758044 -1.109700 0.000000 0.000000 0.000000 1.000000
0.988038 -0.099868 -0.117502 0.000000 -0.001923 0.753928 -0.656954 9.694400 0.154196 0.649322 0.744718 -1.109700 0.000000 0.000000 0.000000 1.000000
0.987114 -0.109226 -0.116940 0.000000 0.003218 0.744200 -0.667949 9.694400 0.159984 0.658966 0.734962 -1.109700 0.000000 0.000000 0.000000 1.000000
0.984803 -0.109063 -0.135160 -0.000000 -0.011308 0.736317 -0.676542 9.694400 0.173306 0.667789 0.723894 -1.109700 0.000000 0.000000 0.000000 1.000000
0.982421 -0.088109 -0.164576 -0.000000 -0.050558 0.723079 -0.688913 9.694400 0.179700 0.685123 0.705914 -1.109700 0.000000 0.000000 0.000000 1.000000
0.984365 -0.036410 -0.172335 0.000000 -0.097652 0.701464 -0.705983 9.694400 0.146592 0.711774 0.686941 -1.109700 0.000000 0.000000 0.000000 1.000000
0.990062 0.043232 -0.133821 0.000000 -0.127737 0.674482 -0.727157 9.694400 0.058823 0.737024 0.673301 -1.109700 0.000000 0.000000 0.000000 1.000000</float_array>
        <technique_common>
          <accessor source="#mixamorig7_Spine-Matrix-animation-output-transform-array" count="31" stride="16">
            <param type="float4x4"/>
          </accessor>
        </technique_common>
      </source>
      <source id="mixamorig7_Spine-Interpolations">
        <Name_array id="mixamorig7_Spine-Interpolations-array" count="31">
 LINEAR LINEAR LINEAR LINEAR LINEAR LINEAR LINEAR LINEAR LINEAR LINEAR LINEAR
LINEAR LINEAR LINEAR LINEAR LINEAR LINEAR LINEAR LINEAR LINEAR LINEAR LINEAR LINEAR
LINEAR LINEAR LINEAR LINEAR LINEAR LINEAR LINEAR LINEAR</Name_array>
        <technique_common>
          <accessor source="#mixamorig7_Spine-Interpolations-array" count="31">
            <param type="name"/>
          </accessor>
        </technique_common>
      </source>
      <sampler id="mixamorig7_Spine-Matrix-animation-transform">
        <input semantic="INPUT" source="#mixamorig7_Spine-Matrix-animation-input"/>
        <input semantic="OUTPUT" source="#mixamorig7_Spine-Matrix-animation-output-transform"/>
        <input semantic="INTERPOLATION" source="#mixamorig7_Spine-Interpolations"/>
      </sampler>
      <channel source="#mixamorig7_Spine-Matrix-animation-transform" target="mixamorig7_Spine/matrix"/>
    </animation>
    <animation id="mixamorig7_Spine1-anim" name="mixamorig7_Spine1">
      <source id="mixamorig7_Spine1-Matrix-animation-input">
        <float_array id="mixamorig7_Spine1-Matrix-animation-input-array" count="31">

0.000000 0.033333 0.066667 0.100000 0.133333 0.166667 0.200000 0.233333 0.266667 0.300000 0.333333 0.366667 0.400000 0.433333 0.466667 0.500000
0.533333 0.566667 0.600000 0.633333 0.666667 0.700000 0.733333 0.766667 0.800000 0.833333 0.866667 0.900000 0.933333 0.966667 1.000000</float_array>
        <technique_common>
          <accessor source="#mixamorig7_Spine1-Matrix-animation-input-array" count="31">
            <param name="TIME" type="float"/>
          </accessor>
        </technique_common>
      </source>
      <source id="mixamorig7_Spine1-Matrix-animation-output-transform">
        <float_array id="mixamorig7_Spine1-Matrix-animation-output-transform-array" count="496">

0.997733 -0.045261 -0.049795 0.000000 0.031468 0.967923 -0.249269 11.384000 0.059480 0.247137 0.967153 0.000000 0.000000 0.000000 0.000000 1.000000
0.999003 -0.038447 -0.022706 0.000000 0.031836 0.969869 -0.241538 11.384000 0.031309 0.240574 0.970126 0.000000 0.000000 0.000000 0.000000 1.000000
0.999518 -0.030890 0.002994 0.000000 0.030767 0.973616 -0.226108 11.384000 0.004069 0.226092 0.974098 0.000000 0.000000 0.000000 0.000000 1.000000
0.999363 -0.028183 0.021891 0.000000 0.032100 0.977941 -0.206401 11.384000 -0.015591 0.206973 0.978223 0.000000 0.000000 0.000000 0.000000 1.000000
0.998907 -0.035750 0.030103 0.000000 0.040888 0.980463 -0.192406 11.384000 -0.022636 0.193426 0.980854 0.000000 0.000000 0.000000 0.000000 1.000000
0.998102 -0.053881 0.029806 0.000000 0.058625 0.979571 -0.192365 11.384000 -0.018832 0.193747 0.980871 0.000000 0.000000 0.000000 0.000000 1.000000
0.996701 -0.076630 0.026738 0.000000 0.080489 0.975584 -0.204346 11.384000 -0.010426 0.205824 0.978533 0.000000 0.000000 0.000000 0.000000 1.000000
0.995262 -0.094217 0.024011 0.000000 0.097195 0.970546 -0.220441 11.384000 -0.002534 0.221730 0.975105 0.000000 0.000000 0.000000 0.000000 1.000000
0.994933 -0.098320 0.021027 0.000000 0.100503 0.966634 -0.235623 11.384000 0.002841 0.236542 0.971617 0.000000 0.000000 0.000000 0.000000 1.000000
0.995903 -0.088836 0.016921 0.000000 0.090259 0.964805 -0.246991 11.384000 0.005617 0.247506 0.968870 0.000000 0.000000 0.000000 0.000000 1.000000
0.997199 -0.073877 0.011672 -0.000000 0.074461 0.965910 -0.247937 11.384000 0.007042 0.248112 0.968706 0.000000 0.000000 0.000000 0.000000 1.000000
0.998126 -0.061070 0.003847 -0.000000 0.060312 0.971212 -0.230455 11.384000 0.010337 0.230255 0.973075 0.000000 0.000000 0.000000 0.000000 1.000000
0.998596 -0.052298 -0.008414 -0.000000 0.049641 0.979370 -0.195881 11.384000 0.018485 0.195189 0.980592 0.000000 0.000000 0.000000 0.000000 1.000000
0.998657 -0.047369 -0.020978 0.000000 0.043391 0.986025 -0.160846 11.384000 0.028304 0.159720 0.986756 0.000000 0.000000 0.000000 0.000000 1.000000
0.998737 -0.044465 -0.023403 0.000000 0.040652 0.988774 -0.143784 11.384000 0.029534 0.142651 0.989332 -0.000000 0.000000 0.000000 0.000000 1.000000
0.999364 -0.033790 -0.011379 0.000000 0.031800 0.989049 -0.144124 11.384000 0.016124 0.143670 0.989494 0.000000 0.000000 0.000000 0.000000 1.000000
0.999987 -0.001844 0.004660 0.000000 0.002511 0.989076 -0.147388 11.384000 -0.004337 0.147398 0.989068 0.000000 0.000000 0.000000 0.000000 1.000000
0.998661 0.050747 0.010044 0.000000 -0.048725 0.987947 -0.146927 11.384000 -0.017379 0.146241 0.989096 0.000000 0.000000 0.000000 0.000000 1.000000
0.994541 0.104323 0.002058 -0.000000 -0.102915 0.983988 -0.145521 11.384000 -0.017206 0.144514 0.989353 0.000000 0.000000 0.000000 0.000000 1.000000
0.990206 0.139215 -0.010506 -0.000000 -0.139267 0.979681 -0.144325 11.384000 -0.009800 0.144375 0.989475 0.000000 0.000000 0.000000 0.000000 1.000000
0.988129 0.152166 -0.021127 0.000000 -0.153623 0.977883 -0.141935 11.384000 -0.000938 0.143495 0.989651 0.000000 0.000000 0.000000 0.000000 1.000000
0.988097 0.150528 -0.031708 0.000000 -0.153517 0.978083 -0.140664 11.384000 0.009839 0.143858 0.989549 0.000000 0.000000 0.000000 0.000000 1.000000
0.989216 0.138975 -0.046238 -0.000000 -0.144321 0.978709 -0.145945 11.384000 0.024971 0.151044 0.988212 0.000000 0.000000 0.000000 0.000000 1.000000
0.991092 0.117275 -0.063116 -0.000000 -0.126040 0.979031 -0.160041 11.384000 0.043024 0.166570 0.985091 0.000000 0.000000 0.000000 0.000000 1.000000
0.993454 0.086227 -0.074926 0.000000 -0.098549 0.978639 -0.180424 11.384000 0.057768 0.186627 0.980731 0.000000 0.000000 0.000000 0.000000 1.000000
0.995801 0.050019 -0.076667 0.000000 -0.064633 0.977272 -0.201896 11.384000 0.064826 0.206003 0.976402 -0.000000 0.000000 0.000000 0.000000 1.000000
0.997195 0.013974 -0.073527 -0.000000 -0.029858 0.975129 -0.219617 11.384000 0.068630 0.221197 0.972811 0.000000 0.000000 0.000000 0.000000 1.000000
0.997083 -0.016433 -0.074530 0.000000 -0.001349 0.972597 -0.232494 11.384000 0.076308 0.231917 0.969738 0.000000 0.000000 0.000000 0.000000 1.000000
0.996306 -0.036171 -0.077890 0.000000 0.016306 0.970151 -0.241951 11.384000 0.084317 0.239787 0.967157 0.000000 0.000000 0.000000 0.000000 1.000000
0.996411 -0.044371 -0.072082 0.000000 0.025189 0.968447 -0.247943 11.384000 0.080809 0.245237 0.966089 0.000000 0.000000 0.000000 0.000000 1.000000
0.997733 -0.045261 -0.049795 0.000000 0.031468 0.967923 -0.249269 11.384000 0.059480 0.247137 0.967153 0.000000 0.000000 0.000000 0.000000 1.000000</float_array>
        <technique_common>
          <accessor source="#mixamorig7_Spine1-Matrix-animation-output-transform-array" count="31" stride="16">
            <param type="float4x4"/>
          </accessor>
        </technique_common>
      </source>
      <source id="mixamorig7_Spine1-Interpolations">
        <Name_array id="mixamorig7_Spine1-Interpolations-array" count="31">
 LINEAR LINEAR LINEAR LINEAR LINEAR LINEAR LINEAR LINEAR LINEAR LINEAR LINEAR
LINEAR LINEAR LINEAR LINEAR LINEAR LINEAR LINEAR LINEAR LINEAR LINEAR LINEAR LINEAR
LINEAR LINEAR LINEAR LINEAR LINEAR LINEAR LINEAR LINEAR</Name_array>
        <technique_common>
          <accessor source="#mixamorig7_Spine1-Interpolations-array" count="31">
            <param type="name"/>
          </accessor>
        </technique_common>
      </source>
      <sampler id="mixamorig7_Spine1-Matrix-animation-transform">
        <input semantic="INPUT" source="#mixamorig7_Spine1-Matrix-animation-input"/>
        <input semantic="OUTPUT" source="#mixamorig7_Spine1-Matrix-animation-output-transform"/>
        <input semantic="INTERPOLATION" source="#mixamorig7_Spine1-Interpolations"/>
      </sampler>
      <channel source="#mixamorig7_Spine1-Matrix-animation-transform" target="mixamorig7_Spine1/matrix"/>
    </animation>
    <animation id="mixamorig7_Spine2-anim" name="mixamorig7_Spine2">
      <source id="mixamorig7_Spine2-Matrix-animation-input">
        <float_array id="mixamorig7_Spine2-Matrix-animation-input-array" count="31">

0.000000 0.033333 0.066667 0.100000 0.133333 0.166667 0.200000 0.233333 0.266667 0.300000 0.333333 0.366667 0.400000 0.433333 0.466667 0.500000
0.533333 0.566667 0.600000 0.633333 0.666667 0.700000 0.733333 0.766667 0.800000 0.833333 0.866667 0.900000 0.933333 0.966667 1.000000</float_array>
        <technique_common>
          <accessor source="#mixamorig7_Spine2-Matrix-animation-input-array" count="31">
            <param name="TIME" type="float"/>
          </accessor>
        </technique_common>
      </source>
      <source id="mixamorig7_Spine2-Matrix-animation-output-transform">
        <float_array id="mixamorig7_Spine2-Matrix-animation-output-transform-array" count="496">

0.998271 -0.048961 -0.032527 0.000000 0.039278 0.967300 -0.250574 13.010300 0.043732 0.248863 0.967551 -0.000000 0.000000 0.000000 0.000000 1.000000
0.999218 -0.039258 -0.004732 -0.000000 0.036954 0.969685 -0.241548 13.010300 0.014071 0.241184 0.970377 -0.000000 0.000000 0.000000 0.000000 1.000000
0.999375 -0.028702 0.020643 -0.000000 0.032620 0.973733 -0.225345 13.010300 -0.013633 0.225877 0.974060 -0.000000 0.000000 0.000000 0.000000 1.000000
0.998923 -0.023473 0.040017 -0.000000 0.031216 0.978164 -0.205477 13.010300 -0.034320 0.206505 0.977844 0.000000 0.000000 0.000000 0.000000 1.000000
0.998259 -0.029550 0.051044 0.000000 0.038830 0.980695 -0.191652 13.010300 -0.044395 0.193300 0.980135 0.000000 0.000000 0.000000 0.000000 1.000000
0.997381 -0.046947 0.055025 0.000000 0.056694 0.979823 -0.191658 13.010300 -0.044917 0.194276 0.979918 0.000000 0.000000 0.000000 0.000000 1.000000
0.996100 -0.068720 0.055333 0.000000 0.078629 0.975926 -0.203435 13.010300 -0.040021 0.206993 0.977524 -0.000000 0.000000 0.000000 0.000000 1.000000
0.994974 -0.084450 0.053803 0.000000 0.094284 0.971076 -0.219369 13.010300 -0.033721 0.223339 0.974157 0.000000 0.000000 0.000000 0.000000 1.000000
0.995021 -0.086241 0.049947 -0.000000 0.095624 0.967359 -0.234677 13.010300 -0.028078 0.238285 0.970789 -0.000000 0.000000 0.000000 0.000000 1.000000
0.996238 -0.075216 0.043045 0.000000 0.083544 0.965585 -0.246306 13.010300 -0.023037 0.248976 0.968236 0.000000 0.000000 0.000000 0.000000 1.000000
0.997607 -0.060716 0.033059 -0.000000 0.067024 0.966622 -0.247285 13.010300 -0.016941 0.248909 0.968379 0.000000 0.000000 0.000000 0.000000 1.000000
0.998524 -0.050817 0.019160 -0.000000 0.053862 0.971811 -0.229527 13.010300 -0.006956 0.230220 0.973114 0.000000 0.000000 0.000000 0.000000 1.000000
0.998907 -0.046733 0.000597 -0.000000 0.045954 0.979781 -0.194726 13.010300 0.008515 0.194540 0.980858 0.000000 0.000000 0.000000 0.000000 1.000000
0.998754 -0.046635 -0.017768 0.000000 0.043205 0.986196 -0.159844 13.010300 0.024977 0.158877 0.986982 0.000000 0.000000 0.000000 0.000000 1.000000
0.998571 -0.046952 -0.025532 0.000000 0.042824 0.988745 -0.143350 13.010300 0.031975 0.142052 0.989343 0.000000 0.000000 0.000000 0.000000 1.000000
0.999117 -0.037391 -0.019143 0.000000 0.034243 0.988925 -0.144410 13.010300 0.024331 0.143627 0.989333 0.000000 0.000000 0.000000 0.000000 1.000000
0.999934 -0.005588 -0.010028 -0.000000 0.004042 0.988971 -0.148053 13.010300 0.010745 0.148002 0.988929 -0.000000 0.000000 0.000000 0.000000 1.000000
0.998839 0.046432 -0.012853 -0.000000 -0.047821 0.987936 -0.147298 13.010300 0.005858 0.147741 0.989009 0.000000 0.000000 0.000000 0.000000 1.000000
0.994705 0.098671 -0.028747 -0.000000 -0.101819 0.984167 -0.145082 13.010300 0.013976 0.147240 0.989002 0.000000 0.000000 0.000000 0.000000 1.000000
0.990138 0.132018 -0.046888 -0.000000 -0.137456 0.980127 -0.143027 13.010300 0.027074 0.148061 0.988608 -0.000000 0.000000 0.000000 0.000000 1.000000
0.987807 0.143698 -0.059908 0.000000 -0.150854 0.978573 -0.140132 13.010300 0.038488 0.147461 0.988319 0.000000 0.000000 0.000000 0.000000 1.000000
0.987508 0.141051 -0.070225 -0.000000 -0.149698 0.978941 -0.138797 13.010300 0.049168 0.147575 0.987828 0.000000 0.000000 0.000000 0.000000 1.000000
0.988268 0.128533 -0.082499 0.000000 -0.139463 0.979647 -0.144366 13.010300 0.062264 0.154178 0.986079 -0.000000 0.000000 0.000000 0.000000 1.000000
0.989795 0.105981 -0.095252 0.000000 -0.120229 0.979924 -0.159038 13.010300 0.076485 0.168867 0.982667 -0.000000 0.000000 0.000000 0.000000 1.000000
0.992078 0.074700 -0.101004 0.000000 -0.092084 0.979310 -0.180201 13.010300 0.085453 0.188074 0.978430 -0.000000 0.000000 0.000000 0.000000 1.000000
0.994706 0.039269 -0.094965 0.000000 -0.057925 0.977570 -0.202490 13.010300 0.084884 0.206919 0.974669 0.000000 0.000000 0.000000 0.000000 1.000000
0.996538 0.004588 -0.083017 -0.000000 -0.022890 0.975031 -0.220885 13.010300 0.079931 0.222021 0.971760 0.000000 0.000000 0.000000 0.000000 1.000000
0.996848 -0.024719 -0.075390 0.000000 0.006394 0.972165 -0.234209 13.010300 0.079081 0.232988 0.969259 -0.000000 0.000000 0.000000 0.000000 1.000000
0.996490 -0.043665 -0.071428 -0.000000 0.025002 0.969488 -0.243862 13.010300 0.079897 0.241220 0.967176 0.000000 0.000000 0.000000 0.000000 1.000000
0.996930 -0.050546 -0.059791 0.000000 0.034086 0.967712 -0.249742 13.010300 0.070484 0.246937 0.966465 -0.000000 0.000000 0.000000 0.000000 1.000000
0.998271 -0.048961 -0.032527 0.000000 0.039278 0.967300 -0.250574 13.010300 0.043732 0.248863 0.967551 0.000000 0.000000 0.000000 0.000000 1.000000</float_array>
        <technique_common>
          <accessor source="#mixamorig7_Spine2-Matrix-animation-output-transform-array" count="31" stride="16">
            <param type="float4x4"/>
          </accessor>
        </technique_common>
      </source>
      <source id="mixamorig7_Spine2-Interpolations">
        <Name_array id="mixamorig7_Spine2-Interpolations-array" count="31">
 LINEAR LINEAR LINEAR LINEAR LINEAR LINEAR LINEAR LINEAR LINEAR LINEAR LINEAR
LINEAR LINEAR LINEAR LINEAR LINEAR LINEAR LINEAR LINEAR LINEAR LINEAR LINEAR LINEAR
LINEAR LINEAR LINEAR LINEAR LINEAR LINEAR LINEAR LINEAR</Name_array>
        <technique_common>
          <accessor source="#mixamorig7_Spine2-Interpolations-array" count="31">
            <param type="name"/>
          </accessor>
        </technique_common>
      </source>
      <sampler id="mixamorig7_Spine2-Matrix-animation-transform">
        <input semantic="INPUT" source="#mixamorig7_Spine2-Matrix-animation-input"/>
        <input semantic="OUTPUT" source="#mixamorig7_Spine2-Matrix-animation-output-transform"/>
        <input semantic="INTERPOLATION" source="#mixamorig7_Spine2-Interpolations"/>
      </sampler>
      <channel source="#mixamorig7_Spine2-Matrix-animation-transform" target="mixamorig7_Spine2/matrix"/>
    </animation>
    <animation id="mixamorig7_Neck-anim" name="mixamorig7_Neck">
      <source id="mixamorig7_Neck-Matrix-animation-input">
        <float_array id="mixamorig7_Neck-Matrix-animation-input-array" count="31">

0.000000 0.033333 0.066667 0.100000 0.133333 0.166667 0.200000 0.233333 0.266667 0.300000 0.333333 0.366667 0.400000 0.433333 0.466667 0.500000
0.533333 0.566667 0.600000 0.633333 0.666667 0.700000 0.733333 0.766667 0.800000 0.833333 0.866667 0.900000 0.933333 0.966667 1.000000</float_array>
        <technique_common>
          <accessor source="#mixamorig7_Neck-Matrix-animation-input-array" count="31">
            <param name="TIME" type="float"/>
          </accessor>
        </technique_common>
      </source>
      <source id="mixamorig7_Neck-Matrix-animation-output-transform">
        <float_array id="mixamorig7_Neck-Matrix-animation-output-transform-array" count="496">

0.999713 -0.023817 0.002747 -0.000000 0.023740 0.967364 -0.252278 14.636600 0.003351 0.252271 0.967651 -0.000000 0.000000 0.000000 0.000000 1.000000
0.998957 -0.044830 -0.008624 -0.000000 0.041352 0.968611 -0.245120 14.636600 0.019342 0.244507 0.969455 0.000000 0.000000 0.000000 0.000000 1.000000
0.998367 -0.053911 -0.018868 0.000000 0.047743 0.968993 -0.242432 14.636600 0.031353 0.241136 0.969985 0.000000 0.000000 0.000000 0.000000 1.000000
0.998413 -0.049391 -0.027045 0.000000 0.041395 0.969360 -0.242130 14.636600 0.038175 0.240626 0.969867 0.000000 0.000000 0.000000 0.000000 1.000000
0.998771 -0.037170 -0.032771 0.000000 0.028298 0.970714 -0.238567 14.636600 0.040678 0.237346 0.970573 0.000000 0.000000 0.000000 0.000000 1.000000
0.999027 -0.024492 -0.036678 -0.000000 0.015528 0.973715 -0.227239 14.636600 0.041280 0.226448 0.973148 -0.000000 0.000000 0.000000 0.000000 1.000000
0.999175 -0.011374 -0.038999 0.000000 0.002981 0.977945 -0.208842 14.636600 0.040514 0.208553 0.977172 0.000000 0.000000 0.000000 0.000000 1.000000
0.999267 0.006258 -0.037769 -0.000000 -0.013210 0.982318 -0.186752 14.636600 0.035933 0.187114 0.981681 0.000000 0.000000 0.000000 0.000000 1.000000
0.999197 0.025817 -0.030647 0.000000 -0.030431 0.986459 -0.161157 14.636600 0.026071 0.161961 0.986453 0.000000 0.000000 0.000000 0.000000 1.000000
0.999133 0.037122 -0.018869 -0.000000 -0.039240 0.990964 -0.128257 14.636600 0.013937 0.128886 0.991561 0.000000 0.000000 0.000000 0.000000 1.000000
0.999255 0.038090 -0.006185 0.000000 -0.038488 0.995344 -0.088368 14.636600 0.002790 0.088540 0.996069 0.000000 0.000000 0.000000 0.000000 1.000000
0.998967 0.044924 0.006798 -0.000000 -0.044509 0.997647 -0.052150 14.636600 -0.009124 0.051794 0.998616 0.000000 0.000000 0.000000 0.000000 1.000000
0.996946 0.074704 0.022774 0.000000 -0.073978 0.996772 -0.031197 14.636600 -0.025031 0.029417 0.999254 -0.000000 0.000000 0.000000 0.000000 1.000000
0.991930 0.120078 0.040697 0.000000 -0.119063 0.992533 -0.026498 14.636600 -0.043575 0.021439 0.998820 0.000000 0.000000 0.000000 0.000000 1.000000
0.986585 0.154002 0.054162 0.000000 -0.152352 0.987762 -0.033405 14.636600 -0.058644 0.024705 0.997973 -0.000000 0.000000 0.000000 0.000000 1.000000
0.985295 0.159953 0.060078 0.000000 -0.157213 0.986403 -0.047884 14.636600 -0.066920 0.037735 0.997045 0.000000 0.000000 0.000000 0.000000 1.000000
0.987429 0.144664 0.063689 -0.000000 -0.140919 0.988211 -0.059846 14.636600 -0.071595 0.050119 0.996174 0.000000 0.000000 0.000000 0.000000 1.000000
0.990205 0.120243 0.070963 0.000000 -0.116291 0.991553 -0.057435 14.636600 -0.077270 0.048620 0.995824 0.000000 0.000000 0.000000 0.000000 1.000000
0.992828 0.089177 0.079619 -0.000000 -0.085337 0.995076 -0.050403 14.636600 -0.083722 0.043247 0.995550 0.000000 0.000000 0.000000 0.000000 1.000000
0.995118 0.053947 0.082637 0.000000 -0.048483 0.996590 -0.066760 14.636600 -0.085957 0.062427 0.994341 0.000000 0.000000 0.000000 0.000000 1.000000
0.996571 0.026584 0.078358 0.000000 -0.017529 0.993318 -0.114069 14.636600 -0.080867 0.112304 0.990378 0.000000 0.000000 0.000000 0.000000 1.000000
0.997261 0.017053 0.071968 0.000000 -0.004825 0.985984 -0.166768 14.636600 -0.073803 0.165964 0.983366 -0.000000 0.000000 0.000000 0.000000 1.000000
0.997416 0.021573 0.068532 0.000000 -0.007403 0.979638 -0.200633 14.636600 -0.071465 0.199608 0.977266 0.000000 0.000000 0.000000 0.000000 1.000000
0.997205 0.030143 0.068363 0.000000 -0.014644 0.976112 -0.216773 14.636600 -0.073264 0.215166 0.973825 0.000000 0.000000 0.000000 0.000000 1.000000
0.997003 0.037688 0.067567 0.000000 -0.021392 0.973570 -0.227383 14.636600 -0.074351 0.225256 0.971459 -0.000000 0.000000 0.000000 0.000000 1.000000
0.997129 0.043467 0.062006 0.000000 -0.027514 0.970849 -0.238107 14.636600 -0.070548 0.235717 0.969258 -0.000000 0.000000 0.000000 0.000000 1.000000
0.997565 0.046225 0.052225 -0.000000 -0.031886 0.968245 -0.247960 14.636600 -0.062029 0.245691 0.967362 0.000000 0.000000 0.000000 0.000000 1.000000
0.998176 0.042917 0.042457 0.000000 -0.030714 0.966487 -0.254871 14.636600 -0.051973 0.253102 0.966043 -0.000000 0.000000 0.000000 0.000000 1.000000
0.998988 0.029950 0.033553 0.000000 -0.020315 0.966069 -0.257486 14.636600 -0.040126 0.256544 0.965699 -0.000000 0.000000 0.000000 0.000000 1.000000
0.999749 0.006577 0.021429 -0.000000 -0.000873 0.966687 -0.255961 14.636600 -0.022399 0.255878 0.966449 0.000000 0.000000 0.000000 0.000000 1.000000
0.999713 -0.023817 0.002747 -0.000000 0.023740 0.967364 -0.252278 14.636600 0.003351 0.252271 0.967651 0.000000 0.000000 0.000000 0.000000 1.000000</float_array>
        <technique_common>
          <accessor source="#mixamorig7_Neck-Matrix-animation-output-transform-array" count="31" stride="16">
            <param type="float4x4"/>
          </accessor>
        </technique_common>
      </source>
      <source id="mixamorig7_Neck-Interpolations">
        <Name_array id="mixamorig7_Neck-Interpolations-array" count="31">
 LINEAR LINEAR LINEAR LINEAR LINEAR LINEAR LINEAR LINEAR LINEAR LINEAR LINEAR
LINEAR LINEAR LINEAR LINEAR LINEAR LINEAR LINEAR LINEAR LINEAR LINEAR LINEAR LINEAR
LINEAR LINEAR LINEAR LINEAR LINEAR LINEAR LINEAR LINEAR</Name_array>
        <technique_common>
          <accessor source="#mixamorig7_Neck-Interpolations-array" count="31">
            <param type="name"/>
          </accessor>
        </technique_common>
      </source>
      <sampler id="mixamorig7_Neck-Matrix-animation-transform">
        <input semantic="INPUT" source="#mixamorig7_Neck-Matrix-animation-input"/>
        <input semantic="OUTPUT" source="#mixamorig7_Neck-Matrix-animation-output-transform"/>
        <input semantic="INTERPOLATION" source="#mixamorig7_Neck-Interpolations"/>
      </sampler>
      <channel source="#mixamorig7_Neck-Matrix-animation-transform" target="mixamorig7_Neck/matrix"/>
    </animation>
    <animation id="mixamorig7_Head-anim" name="mixamorig7_Head">
      <source id="mixamorig7_Head-Matrix-animation-input">
        <float_array id="mixamorig7_Head-Matrix-animation-input-array" count="31">

0.000000 0.033333 0.066667 0.100000 0.133333 0.166667 0.200000 0.233333 0.266667 0.300000 0.333333 0.366667 0.400000 0.433333 0.466667 0.500000
0.533333 0.566667 0.600000 0.633333 0.666667 0.700000 0.733333 0.766667 0.800000 0.833333 0.866667 0.900000 0.933333 0.966667 1.000000</float_array>
        <technique_common>
          <accessor source="#mixamorig7_Head-Matrix-animation-input-array" count="31">
            <param name="TIME" type="float"/>
          </accessor>
        </technique_common>
      </source>
      <source id="mixamorig7_Head-Matrix-animation-output-transform">
        <float_array id="mixamorig7_Head-Matrix-animation-output-transform-array" count="496">

0.999728 -0.023234 0.002105 0.000000 0.023299 0.989777 -0.140707 6.944300 0.001186 0.140718 0.990049 1.982500 0.000000 0.000000 0.000000 1.000000
0.998971 -0.044832 -0.006900 0.000000 0.043513 0.990106 -0.133406 6.944300 0.012813 0.132968 0.991037 1.982500 0.000000 0.000000 0.000000 1.000000
0.998382 -0.054649 -0.015704 0.000000 0.052139 0.990062 -0.130612 6.944300 0.022685 0.129582 0.991309 1.982500 0.000000 0.000000 0.000000 1.000000
0.998425 -0.050895 -0.023591 0.000000 0.047404 0.990341 -0.130297 6.944300 0.029995 0.128973 0.991194 1.982500 0.000000 0.000000 0.000000 1.000000
0.998788 -0.039166 -0.029804 0.000000 0.035091 0.991314 -0.126746 6.944300 0.034509 0.125546 0.991487 1.982500 0.000000 0.000000 0.000000 1.000000
0.999058 -0.026499 -0.034370 0.000000 0.022371 0.993072 -0.115358 6.944300 0.037188 0.114481 0.992729 1.982500 0.000000 0.000000 0.000000 1.000000
0.999216 -0.013051 -0.037372 0.000000 0.009380 0.995261 -0.096788 6.944300 0.038458 0.096362 0.994603 1.982500 0.000000 0.000000 0.000000 1.000000
0.999300 0.004972 -0.037091 0.000000 -0.007721 0.997203 -0.074339 6.944300 0.036617 0.074573 0.996543 1.982500 0.000000 0.000000 0.000000 1.000000
0.999205 0.024844 -0.031166 0.000000 -0.026328 0.998493 -0.048146 6.944300 0.029923 0.048929 0.998354 1.982500 0.000000 0.000000 0.000000 1.000000
0.999131 0.036356 -0.020388 0.000000 -0.036656 0.999222 -0.014570 6.944300 0.019842 0.015305 0.999686 1.982500 0.000000 0.000000 0.000000 1.000000
0.999263 0.037462 -0.008381 0.000000 -0.037234 0.998973 0.025816 6.944300 0.009339 -0.025485 0.999632 1.982500 0.000000 0.000000 0.000000 1.000000
0.998999 0.044584 0.003528 -0.000000 -0.044718 0.997051 0.062366 6.944300 -0.000737 -0.062461 0.998047 1.982500 0.000000 0.000000 0.000000 1.000000
0.997025 0.075096 0.017343 0.000000 -0.076292 0.993561 0.083756 6.944300 -0.010941 -0.084830 0.996335 1.982500 0.000000 0.000000 0.000000 1.000000
0.992047 0.121558 0.032655 -0.000000 -0.124026 0.988279 0.089006 6.944300 -0.021453 -0.092348 0.995496 1.982500 0.000000 0.000000 0.000000 1.000000
0.986677 0.156448 0.044634 0.000000 -0.159699 0.983742 0.082144 6.944300 -0.031057 -0.088177 0.995621 1.982500 0.000000 0.000000 0.000000 1.000000
0.985313 0.162975 0.050958 0.000000 -0.166181 0.983836 0.066707 6.944300 -0.039262 -0.074195 0.996471 1.982500 0.000000 0.000000 0.000000 1.000000
0.987366 0.148111 0.056313 0.000000 -0.151103 0.987086 0.053200 6.944300 -0.047706 -0.061037 0.996995 1.982500 0.000000 0.000000 0.000000 1.000000
0.990066 0.124250 0.065811 -0.000000 -0.127887 0.990303 0.054270 6.944300 -0.058430 -0.062148 0.996355 1.982500 0.000000 0.000000 0.000000 1.000000
0.992646 0.093737 0.076595 -0.000000 -0.098475 0.993292 0.060615 6.944300 -0.070399 -0.067712 0.995218 1.982500 0.000000 0.000000 0.000000 1.000000
0.994985 0.058678 0.081007 0.000000 -0.062405 0.997069 0.044267 6.944300 -0.078172 -0.049101 0.995730 1.982500 0.000000 0.000000 0.000000 1.000000
0.996559 0.031014 0.076864 0.000000 -0.030884 0.999519 -0.002875 6.944300 -0.076916 0.000492 0.997037 1.982500 0.000000 0.000000 0.000000 1.000000
0.997352 0.020994 0.069636 0.000000 -0.017116 0.998294 -0.055820 6.944300 -0.070689 0.054480 0.996010 1.982500 0.000000 0.000000 0.000000 1.000000
0.997552 0.025207 0.065222 0.000000 -0.019273 0.995749 -0.090071 6.944300 -0.067215 0.088593 0.993797 1.982500 0.000000 0.000000 0.000000 1.000000
0.997353 0.033788 0.064387 0.000000 -0.026801 0.993957 -0.106444 6.944300 -0.067594 0.104437 0.992232 1.982500 0.000000 0.000000 0.000000 1.000000
0.997150 0.041385 0.063087 0.000000 -0.033778 0.992533 -0.117204 6.944300 -0.067467 0.114739 0.991102 1.982500 0.000000 0.000000 0.000000 1.000000
0.997275 0.046859 0.056980 0.000000 -0.039249 0.990995 -0.128017 6.944300 -0.062466 0.125432 0.990134 1.982500 0.000000 0.000000 0.000000 1.000000
0.997704 0.049028 0.046714 0.000000 -0.042173 0.989554 -0.137855 6.944300 -0.052985 0.135568 0.989350 1.982500 0.000000 0.000000 0.000000 1.000000
0.998291 0.045312 0.036898 0.000000 -0.039530 0.988693 -0.144649 6.944300 -0.043035 0.142943 0.988795 1.982500 0.000000 0.000000 0.000000 1.000000
0.999068 0.032174 0.028790 -0.000000 -0.027605 0.988748 -0.147022 6.944300 -0.033197 0.146091 0.988714 1.982500 0.000000 0.000000 0.000000 1.000000
0.999796 0.008346 0.018403 0.000000 -0.005589 0.989408 -0.145056 6.944300 -0.019419 0.144923 0.989252 1.982500 0.000000 0.000000 0.000000 1.000000
0.999728 -0.023234 0.002105 -0.000000 0.023299 0.989777 -0.140707 6.944300 0.001186 0.140718 0.990049 1.982500 0.000000 0.000000 0.000000 1.000000</float_array>
