<?xml version="1.0" encoding="utf-8"?>
<COLLADA xmlns="http://www.collada.org/2005/11/COLLADASchema" version="1.4.1">
  <asset>
    <contributor>
      <author>Mixamo</author>
      <authoring_tool>COLLADA Mixamo exporter</authoring_tool>
      <comments/>
    </contributor>
    <created>2024-05-20T06:21:39Z</created>
    <modified>2024-05-20T06:21:39Z</modified>
    <revision/>
    <title/>
    <unit meter="0.010000"/>
    <up_axis>Y_UP</up_axis>
  </asset>
  <library_animations>
    <animation id="mixamorig7_Hips-anim" name="mixamorig7_Hips">
      <source id="mixamorig7_Hips-Matrix-animation-input">
        <float_array id="mixamorig7_Hips-Matrix-animation-input-array" count="57">

0.000000 0.033333 0.066667 0.100000 0.133333 0.166667 0.200000 0.233333 0.266667 0.300000 0.333333 0.366667 0.400000 0.433333 0.466667 0.500000
0.533333 0.566667 0.600000 0.633333 0.666667 0.700000 0.733333 0.766667 0.800000 0.833333 0.866667 0.900000 0.933333 0.966667 1.000000 1.033333
1.066667 1.100000 1.133333 1.166667 1.200000 1.233333 1.266667 1.300000 1.333333 1.366667 1.400000 1.433333 1.466667 1.500000 1.533333 1.566667
1.600000 1.633333 1.666667 1.700000 1.733333 1.766667 1.800000 1.833333 1.866667</float_array>
        <technique_common>
          <accessor source="#mixamorig7_Hips-Matrix-animation-input-array" count="57">
            <param name="TIME" type="float"/>
          </accessor>
        </technique_common>
      </source>
      <source id="mixamorig7_Hips-Matrix-animation-output-transform">
        <float_array id="mixamorig7_Hips-Matrix-animation-output-transform-array" count="912">

0.730069 0.052154 -0.681380 -0.167818 0.001120 0.996991 0.077512 93.101028 0.683372 -0.057352 0.727814 -0.645564 0.000000 0.000000 0.000000 1.000000
0.729060 0.043617 -0.683059 0.254510 -0.002656 0.998140 0.060902 92.999954 0.684445 -0.042587 0.727820 -0.744501 0.000000 0.000000 0.000000 1.000000
0.720791 0.016042 -0.692966 1.581990 -0.003282 0.999800 0.019732 92.017838 0.693144 -0.011948 0.720700 -1.171474 0.000000 0.000000 0.000000 1.000000
0.696901 -0.029833 -0.716546 3.500444 -0.011487 0.998542 -0.052746 89.734810 0.717075 0.044990 0.695543 -1.801882 0.000000 0.000000 0.000000 1.000000
0.664153 -0.085366 -0.742707 5.845545 -0.030795 0.989492 -0.141269 85.854210 0.746962 0.116696 0.654546 -2.572093 0.000000 0.000000 0.000000 1.000000
0.626844 -0.141681 -0.766155 8.290587 -0.059926 0.971648 -0.228712 80.300827 0.776837 0.189279 0.600581 -3.398229 0.000000 0.000000 0.000000 1.000000
0.600014 -0.194416 -0.776007 10.419323 -0.082433 0.949832 -0.301703 73.433235 0.795731 0.244995 0.553885 -4.136216 0.000000 0.000000 0.000000 1.000000
0.595363 -0.234204 -0.768565 12.092043 -0.067534 0.938600 -0.338333 66.152550 0.800614 0.253336 0.542990 -4.551504 0.000000 0.000000 0.000000 1.000000
0.594118 -0.255998 -0.762554 12.916086 -0.029803 0.940348 -0.338905 60.006508 0.803825 0.224076 0.551049 -4.497720 0.000000 0.000000 0.000000 1.000000
0.597245 -0.235201 -0.766798 12.813063 -0.007643 0.954324 -0.298675 56.282402 0.802022 0.184242 0.568168 -4.299389 0.000000 0.000000 0.000000 1.000000
0.616677 -0.165852 -0.769547 11.837326 0.000553 0.977646 -0.210258 55.316631 0.787216 0.129235 0.602983 -4.112313 0.000000 0.000000 0.000000 1.000000
0.645279 -0.096398 -0.757841 9.778546 0.010265 0.993011 -0.117571 57.685272 0.763878 0.068087 0.641759 -4.093154 0.000000 0.000000 0.000000 1.000000
0.688632 -0.042813 -0.723846 6.979477 0.018462 0.998967 -0.041522 63.187256 0.724876 0.015230 0.688711 -4.537869 0.000000 0.000000 0.000000 1.000000
0.730175 0.016392 -0.683063 3.673587 0.018742 0.998856 0.044004 71.222496 0.683003 -0.044933 0.729033 -4.937507 0.000000 0.000000 0.000000 1.000000
0.762256 0.072500 -0.643202 -0.305565 0.033662 0.987922 0.151249 81.769997 0.646399 -0.136942 0.750610 -4.401196 0.000000 0.000000 0.000000 1.000000
0.778212 0.096533 -0.620539 -4.642307 0.051562 0.974957 0.216332 94.219345 0.625882 -0.200348 0.753746 -3.161107 0.000000 0.000000 0.000000 1.000000
0.764077 0.086087 -0.639355 -8.215210 0.065088 0.975712 0.209162 104.985901 0.641833 -0.201431 0.739916 -2.594333 0.000000 0.000000 0.000000 1.000000
0.770326 0.034014 -0.636743 -8.468565 0.101793 0.979211 0.175456 117.529892 0.629473 -0.199974 0.750849 -2.855618 0.000000 0.000000 0.000000 1.000000
0.781343 -0.039234 -0.622867 -6.862562 0.145223 0.982056 0.120314 128.460297 0.606970 -0.184461 0.773021 -3.801196 0.000000 0.000000 0.000000 1.000000
0.768444 -0.121890 -0.628201 -4.627443 0.181566 0.982878 0.031392 137.474472 0.613618 -0.138183 0.777418 -4.955731 0.000000 0.000000 0.000000 1.000000
0.758401 -0.181424 -0.626030 -3.253608 0.225850 0.974123 -0.008698 144.194336 0.611408 -0.134792 0.779750 -6.302839 0.000000 0.000000 0.000000 1.000000
0.751994 -0.180231 -0.634052 -2.847105 0.239013 0.970988 0.007466 148.911026 0.614311 -0.157161 0.773254 -7.519738 0.000000 0.000000 0.000000 1.000000
0.758969 -0.134997 -0.636979 -3.068298 0.242921 0.966346 0.084644 151.395248 0.604115 -0.218978 0.766220 -8.223948 0.000000 0.000000 0.000000 1.000000
0.779109 -0.088909 -0.620552 -3.937588 0.259967 0.946586 0.190770 151.396378 0.570445 -0.309953 0.760606 -8.477964 0.000000 0.000000 0.000000 1.000000
0.804958 -0.040477 -0.591950 -4.874853 0.254002 0.925137 0.282143 149.319016 0.536214 -0.377470 0.754977 -8.448423 0.000000 0.000000 0.000000 1.000000
0.824218 -0.016336 -0.566037 -5.305803 0.231948 0.921623 0.311144 146.521149 0.516590 -0.387742 0.763407 -8.378782 0.000000 0.000000 0.000000 1.000000
0.838003 -0.023859 -0.545144 -5.169664 0.217169 0.931096 0.293084 143.561066 0.500589 -0.363994 0.785442 -7.851147 0.000000 0.000000 0.000000 1.000000
0.848365 -0.050252 -0.527022 -4.746037 0.206692 0.947920 0.242334 140.160355 0.487397 -0.314519 0.814569 -6.839140 0.000000 0.000000 0.000000 1.000000
0.856469 -0.081704 -0.509692 -4.403831 0.192601 0.966670 0.168683 136.159729 0.478922 -0.242639 0.843659 -5.394687 0.000000 0.000000 0.000000 1.000000
0.867081 -0.100127 -0.488002 -4.317624 0.160874 0.983388 0.084072 130.411407 0.471477 -0.151403 0.868784 -3.172622 0.000000 0.000000 0.000000 1.000000
0.892446 -0.099231 -0.440107 -4.486553 0.125443 0.991623 0.030791 122.593842 0.433365 -0.082687 0.897417 -0.117720 0.000000 0.000000 0.000000 1.000000
0.926948 -0.078218 -0.366945 -4.719771 0.091882 0.995571 0.019891 112.831505 0.363764 -0.052154 0.930030 3.051101 0.000000 0.000000 0.000000 1.000000
0.953152 -0.039054 -0.299961 -4.749737 0.051858 0.998047 0.034839 100.895607 0.298015 -0.048763 0.953315 5.375145 0.000000 0.000000 0.000000 1.000000
0.973288 -0.034484 -0.226985 -5.079689 0.032563 0.999395 -0.012202 88.642860 0.227269 0.004484 0.973822 5.693291 0.000000 0.000000 0.000000 1.000000
0.978366 -0.090562 -0.186006 -5.113541 0.073353 0.992537 -0.097415 77.971680 0.193440 0.081663 0.977708 4.561812 0.000000 0.000000 0.000000 1.000000
0.961469 -0.174452 -0.212471 -4.196216 0.139313 0.975460 -0.170499 71.038170 0.237001 0.134329 0.962178 3.861683 0.000000 0.000000 0.000000 1.000000
0.940141 -0.252966 -0.228350 -2.949236 0.196760 0.950025 -0.242358 66.468933 0.278247 0.182920 0.942931 3.165916 0.000000 0.000000 0.000000 1.000000
0.922662 -0.294061 -0.249445 -1.615355 0.223729 0.935105 -0.274817 63.162663 0.314070 0.197755 0.928576 2.457968 0.000000 0.000000 0.000000 1.000000
0.901513 -0.319216 -0.292190 -0.506861 0.234882 0.928018 -0.289159 61.200233 0.363462 0.192051 0.911599 1.918230 0.000000 0.000000 0.000000 1.000000
0.882010 -0.335694 -0.330708 0.233832 0.239117 0.923564 -0.299755 60.669724 0.406056 0.185309 0.894863 1.626336 0.000000 0.000000 0.000000 1.000000
0.872224 -0.323552 -0.366797 0.579283 0.224931 0.931271 -0.286602 61.664902 0.434318 0.167477 0.885053 1.414051 0.000000 0.000000 0.000000 1.000000
0.864627 -0.296855 -0.405336 0.557837 0.201672 0.943994 -0.261160 64.183594 0.460161 0.144060 0.876070 1.190215 0.000000 0.000000 0.000000 1.000000
0.860322 -0.264828 -0.435558 0.216702 0.170252 0.954669 -0.244173 67.871162 0.480478 0.135913 0.866411 1.032276 0.000000 0.000000 0.000000 1.000000
0.854905 -0.225604 -0.467161 -0.251298 0.134348 0.966050 -0.220675 72.257088 0.501086 0.125894 0.856191 0.836518 0.000000 0.000000 0.000000 1.000000
0.841236 -0.192115 -0.505386 -0.587781 0.107752 0.975562 -0.191489 76.950455 0.529823 0.106631 0.841378 0.557981 0.000000 0.000000 0.000000 1.000000
0.825237 -0.161110 -0.541320 -0.739393 0.083222 0.982676 -0.165598 81.500748 0.558622 0.091608 0.824348 0.288884 0.000000 0.000000 0.000000 1.000000
0.809075 -0.128252 -0.573541 -0.768023 0.059488 0.988758 -0.137183 85.487625 0.584687 0.076873 0.807608 0.037853 0.000000 0.000000 0.000000 1.000000
0.791495 -0.096542 -0.603502 -0.791553 0.041525 0.993658 -0.104495 88.614265 0.609763 0.057647 0.790485 -0.143411 0.000000 0.000000 0.000000 1.000000
0.774257 -0.062188 -0.629808 -0.781527 0.024929 0.997385 -0.067836 90.770813 0.632380 0.036822 0.773783 -0.304105 0.000000 0.000000 0.000000 1.000000
0.759241 -0.027896 -0.650211 -0.691595 0.012193 0.999515 -0.028645 92.099136 0.650695 0.013821 0.759213 -0.481434 0.000000 0.000000 0.000000 1.000000
0.745907 0.001501 -0.666049 -0.540497 0.006123 0.999940 0.009110 92.762566 0.666022 -0.010874 0.745853 -0.605987 0.000000 0.000000 0.000000 1.000000
0.739334 0.016582 -0.673135 -0.438410 0.004395 0.999557 0.029450 92.948135 0.673325 -0.024732 0.738933 -0.648836 0.000000 0.000000 0.000000 1.000000
0.735813 0.025550 -0.676703 -0.371234 0.003584 0.999127 0.041620 93.020645 0.677176 -0.033050 0.735079 -0.667901 0.000000 0.000000 0.000000 1.000000
0.733660 0.031936 -0.678766 -0.320148 0.003064 0.998729 0.050302 93.053871 0.679509 -0.038984 0.732630 -0.677094 0.000000 0.000000 0.000000 1.000000
0.731250 0.040462 -0.680908 -0.250420 0.002369 0.998082 0.061854 93.083809 0.682105 -0.046844 0.729752 -0.682519 0.000000 0.000000 0.000000 1.000000
0.730275 0.045312 -0.681649 -0.211904 0.001910 0.997659 0.068364 93.093529 0.683151 -0.051226 0.728479 -0.678961 0.000000 0.000000 0.000000 1.000000
0.730023 0.049807 -0.681605 -0.181975 0.001406 0.997229 0.074377 93.098839 0.683421 -0.055256 0.727930 -0.659157 0.000000 0.000000 0.000000 1.000000</float_array>
        <technique_common>
          <accessor source="#mixamorig7_Hips-Matrix-animation-output-transform-array" count="57" stride="16">
            <param type="float4x4"/>
          </accessor>
        </technique_common>
      </source>
      <source id="mixamorig7_Hips-Interpolations">
        <Name_array id="mixamorig7_Hips-Interpolations-array" count="57">
 LINEAR LINEAR LINEAR LINEAR LINEAR LINEAR LINEAR LINEAR LINEAR LINEAR LINEAR
LINEAR LINEAR LINEAR LINEAR LINEAR LINEAR LINEAR LINEAR LINEAR LINEAR LINEAR LINEAR
LINEAR LINEAR LINEAR LINEAR LINEAR LINEAR LINEAR LINEAR LINEAR LINEAR LINEAR LINEAR
LINEAR LINEAR LINEAR LINEAR LINEAR LINEAR LINEAR LINEAR LINEAR LINEAR LINEAR LINEAR
LINEAR LINEAR LINEAR LINEAR LINEAR LINEAR LINEAR LINEAR LINEAR LINEAR</Name_array>
        <technique_common>
          <accessor source="#mixamorig7_Hips-Interpolations-array" count="57">
            <param type="name"/>
          </accessor>
        </technique_common>
      </source>
      <sampler id="mixamorig7_Hips-Matrix-animation-transform">
        <input semantic="INPUT" source="#mixamorig7_Hips-Matrix-animation-input"/>
        <input semantic="OUTPUT" source="#mixamorig7_Hips-Matrix-animation-output-transform"/>
        <input semantic="INTERPOLATION" source="#mixamorig7_Hips-Interpolations"/>
      </sampler>
      <channel source="#mixamorig7_Hips-Matrix-animation-transform" target="mixamorig7_Hips/matrix"/>
    </animation>
    <animation id="mixamorig7_Spine-anim" name="mixamorig7_Spine">
      <source id="mixamorig7_Spine-Matrix-animation-input">
        <float_array id="mixamorig7_Spine-Matrix-animation-input-array" count="57">

0.000000 0.033333 0.066667 0.100000 0.133333 0.166667 0.200000 0.233333 0.266667 0.300000 0.333333 0.366667 0.400000 0.433333 0.466667 0.500000
0.533333 0.566667 0.600000 0.633333 0.666667 0.700000 0.733333 0.766667 0.800000 0.833333 0.866667 0.900000 0.933333 0.966667 1.000000 1.033333
1.066667 1.100000 1.133333 1.166667 1.200000 1.233333 1.266667 1.300000 1.333333 1.366667 1.400000 1.433333 1.466667 1.500000 1.533333 1.566667
1.600000 1.633333 1.666667 1.700000 1.733333 1.766667 1.800000 1.833333 1.866667</float_array>
        <technique_common>
          <accessor source="#mixamorig7_Spine-Matrix-animation-input-array" count="57">
            <param name="TIME" type="float"/>
          </accessor>
        </technique_common>
      </source>
      <source id="mixamorig7_Spine-Matrix-animation-output-transform">
        <float_array id="mixamorig7_Spine-Matrix-animation-output-transform-array" count="912">

0.996622 0.010975 0.081393 -0.000000 -0.012036 0.999849 0.012559 9.694400 -0.081243 -0.013496 0.996603 -1.109700 0.000000 0.000000 0.000000 1.000000
0.997052 0.011343 0.075889 0.000000 -0.012321 0.999847 0.012432 9.694400 -0.075736 -0.013330 0.997039 -1.109700 0.000000 0.000000 0.000000 1.000000
0.997638 0.011165 0.067785 0.000000 -0.011872 0.999879 0.010037 9.694400 -0.067664 -0.010818 0.997649 -1.109700 0.000000 0.000000 0.000000 1.000000
0.998031 0.009461 0.062011 -0.000000 -0.009933 0.999924 0.007307 9.694400 -0.061937 -0.007908 0.998049 -1.109700 0.000000 0.000000 0.000000 1.000000
0.998355 0.004976 0.057116 0.000000 -0.005122 0.999984 0.002402 9.694400 -0.057103 -0.002690 0.998365 -1.109700 0.000000 0.000000 0.000000 1.000000
0.998725 0.000044 0.050486 0.000000 0.000193 0.999989 -0.004693 9.694400 -0.050486 0.004697 0.998714 -1.109700 0.000000 0.000000 0.000000 1.000000
0.999250 -0.002402 0.038655 0.000000 0.002922 0.999906 -0.013406 9.694400 -0.038620 0.013509 0.999163 -1.109700 0.000000 0.000000 0.000000 1.000000
0.999700 -0.001952 0.024411 0.000000 0.002592 0.999653 -0.026229 9.694400 -0.024351 0.026285 0.999358 -1.109700 0.000000 0.000000 0.000000 1.000000
0.999871 0.000757 0.016060 -0.000000 -0.000170 0.999334 -0.036478 9.694400 -0.016077 0.036470 0.999205 -1.109700 0.000000 0.000000 0.000000 1.000000
0.999922 0.002060 0.012299 -0.000000 -0.001544 0.999125 -0.041788 9.694400 -0.012375 0.041766 0.999051 -1.109700 0.000000 0.000000 0.000000 1.000000
0.999948 -0.001243 0.010105 -0.000000 0.001708 0.998934 -0.046140 9.694400 -0.010037 0.046155 0.998884 -1.109700 0.000000 0.000000 0.000000 1.000000
0.999888 -0.003024 0.014665 0.000000 0.003610 0.999191 -0.040066 9.694400 -0.014532 0.040114 0.999089 -1.109700 0.000000 0.000000 0.000000 1.000000
0.999859 -0.003203 0.016494 0.000000 0.003610 0.999689 -0.024689 9.694400 -0.016410 0.024745 0.999559 -1.109700 0.000000 0.000000 0.000000 1.000000
0.999853 -0.005130 0.016369 0.000000 0.005369 0.999879 -0.014590 9.694400 -0.016292 0.014675 0.999760 -1.109700 0.000000 0.000000 0.000000 1.000000
0.999762 -0.001550 0.021738 -0.000000 0.001727 0.999966 -0.008111 9.694400 -0.021725 0.008147 0.999731 -1.109700 0.000000 0.000000 0.000000 1.000000
0.999561 0.007471 0.028676 -0.000000 -0.007739 0.999927 0.009252 9.694400 -0.028605 -0.009470 0.999546 -1.109700 0.000000 0.000000 0.000000 1.000000
0.999274 0.015969 0.034600 0.000000 -0.016866 0.999525 0.025792 9.694400 -0.034172 -0.026357 0.999068 -1.109700 0.000000 0.000000 0.000000 1.000000
0.998944 0.024560 0.038826 0.000000 -0.025498 0.999390 0.023854 9.694400 -0.038216 -0.024819 0.998961 -1.109700 0.000000 0.000000 0.000000 1.000000
0.998613 0.034200 0.040021 0.000000 -0.034734 0.999315 0.012743 9.694400 -0.039557 -0.014115 0.999118 -1.109700 0.000000 0.000000 0.000000 1.000000
0.998351 0.044633 0.036096 0.000000 -0.044654 0.999002 -0.000218 9.694400 -0.036070 -0.001394 0.999348 -1.109700 0.000000 0.000000 0.000000 1.000000
0.998070 0.056524 0.025703 0.000000 -0.056069 0.998263 -0.018089 9.694400 -0.026681 0.016613 0.999506 -1.109700 0.000000 0.000000 0.000000 1.000000
0.997861 0.064001 0.013345 0.000000 -0.063370 0.997049 -0.043333 9.694400 -0.016079 0.042395 0.998972 -1.109700 0.000000 0.000000 0.000000 1.000000
0.997513 0.070239 0.005881 0.000000 -0.069554 0.994425 -0.079249 9.694400 -0.011415 0.078642 0.996838 -1.109700 0.000000 0.000000 0.000000 1.000000
0.997206 0.074679 0.002017 0.000000 -0.073952 0.990594 -0.115127 9.694400 -0.010595 0.114656 0.993349 -1.109700 0.000000 0.000000 0.000000 1.000000
0.997348 0.072773 -0.001032 0.000000 -0.072209 0.987644 -0.139089 9.694400 -0.009102 0.138795 0.990279 -1.109700 0.000000 0.000000 0.000000 1.000000
0.997795 0.066253 -0.003976 0.000000 -0.066137 0.987433 -0.143536 9.694400 -0.005584 0.143483 0.989637 -1.109700 0.000000 0.000000 0.000000 1.000000
0.998219 0.059350 -0.006054 0.000000 -0.059627 0.989314 -0.133050 9.694400 -0.001907 0.133174 0.991091 -1.109700 0.000000 0.000000 0.000000 1.000000
0.998611 0.052051 -0.008223 0.000000 -0.052645 0.992339 -0.111767 9.694400 0.002342 0.112045 0.993700 -1.109700 0.000000 0.000000 0.000000 1.000000
0.998967 0.043674 -0.012560 0.000000 -0.044560 0.995631 -0.082056 9.694400 0.008921 0.082531 0.996549 -1.109700 0.000000 0.000000 0.000000 1.000000
0.999297 0.034280 -0.015162 0.000000 -0.034952 0.998306 -0.046512 9.694400 0.013542 0.047009 0.998803 -1.109700 0.000000 0.000000 0.000000 1.000000
0.999622 0.025279 -0.010855 -0.000000 -0.025444 0.999559 -0.015312 9.694400 0.010463 0.015582 0.999824 -1.109700 0.000000 0.000000 0.000000 1.000000
0.999852 0.015369 -0.007719 0.000000 -0.015314 0.999857 0.007166 9.694400 0.007828 -0.007047 0.999945 -1.109700 0.000000 0.000000 0.000000 1.000000
0.999951 0.008398 -0.005226 0.000000 -0.008283 0.999731 0.021685 9.694400 0.005406 -0.021641 0.999751 -1.109700 0.000000 0.000000 0.000000 1.000000
0.999985 0.002876 -0.004656 -0.000000 -0.002779 0.999782 0.020709 9.694400 0.004715 -0.020695 0.999775 -1.109700 0.000000 0.000000 0.000000 1.000000
0.999999 0.001176 0.001086 -0.000000 -0.001186 0.999957 0.009173 9.694400 -0.001075 -0.009174 0.999957 -1.109700 0.000000 0.000000 0.000000 1.000000
0.999953 0.004814 0.008438 0.000000 -0.004713 0.999917 -0.011969 9.694400 -0.008495 0.011928 0.999893 -1.109700 0.000000 0.000000 0.000000 1.000000
0.999944 0.004121 0.009750 0.000000 -0.003784 0.999404 -0.034309 9.694400 -0.009885 0.034270 0.999364 -1.109700 0.000000 0.000000 0.000000 1.000000
0.999909 -0.002218 0.013276 -0.000000 0.003014 0.998177 -0.060282 9.694400 -0.013118 0.060316 0.998093 -1.109700 0.000000 0.000000 0.000000 1.000000
0.999822 -0.009313 0.016381 0.000000 0.010636 0.996520 -0.082672 9.694400 -0.015554 0.082832 0.996442 -1.109700 0.000000 0.000000 0.000000 1.000000
0.999672 -0.017468 0.018703 -0.000000 0.019221 0.994996 -0.098052 9.694400 -0.016897 0.098380 0.995006 -1.109700 0.000000 0.000000 0.000000 1.000000
0.999386 -0.025713 0.023786 -0.000000 0.028208 0.993383 -0.111327 9.694400 -0.020766 0.111930 0.993499 -1.109700 0.000000 0.000000 0.000000 1.000000
0.999127 -0.030180 0.028899 0.000000 0.033366 0.992571 -0.117005 9.694400 -0.025153 0.117867 0.992711 -1.109700 0.000000 0.000000 0.000000 1.000000
0.998877 -0.033691 0.033318 0.000000 0.037183 0.993189 -0.110422 9.694400 -0.029371 0.111537 0.993326 -1.109700 0.000000 0.000000 0.000000 1.000000
0.998631 -0.035095 0.038800 0.000000 0.038766 0.994399 -0.098321 9.694400 -0.035132 0.099691 0.994398 -1.109700 0.000000 0.000000 0.000000 1.000000
0.998552 -0.031574 0.043546 0.000000 0.035132 0.995886 -0.083532 9.694400 -0.040729 0.084941 0.995553 -1.109700 0.000000 0.000000 0.000000 1.000000
0.998458 -0.027558 0.048197 0.000000 0.030767 0.997267 -0.067167 9.694400 -0.046214 0.068546 0.996577 -1.109700 0.000000 0.000000 0.000000 1.000000
0.998269 -0.023226 0.054033 0.000000 0.026069 0.998279 -0.052529 9.694400 -0.052720 0.053847 0.997157 -1.109700 0.000000 0.000000 0.000000 1.000000
0.997998 -0.017461 0.060782 0.000000 0.019923 0.998995 -0.040142 9.694400 -0.060020 0.041273 0.997344 -1.109700 0.000000 0.000000 0.000000 1.000000
0.997683 -0.012129 0.066945 -0.000000 0.013962 0.999538 -0.026982 9.694400 -0.066587 0.027854 0.997392 -1.109700 0.000000 0.000000 0.000000 1.000000
0.997388 -0.006942 0.071898 0.000000 0.007937 0.999877 -0.013554 9.694400 -0.071795 0.014090 0.997320 -1.109700 0.000000 0.000000 0.000000 1.000000
0.997091 -0.001652 0.076201 0.000000 0.001862 0.999995 -0.002682 9.694400 -0.076196 0.002816 0.997089 -1.109700 0.000000 0.000000 0.000000 1.000000
0.996881 0.002313 0.078889 -0.000000 -0.002547 0.999993 0.002865 9.694400 -0.078882 -0.003057 0.996879 -1.109700 0.000000 0.000000 0.000000 1.000000
0.996765 0.005338 0.080189 -0.000000 -0.005819 0.999966 0.005762 9.694400 -0.080156 -0.006210 0.996763 -1.109700 0.000000 0.000000 0.000000 1.000000
0.996693 0.007692 0.080890 0.000000 -0.008342 0.999936 0.007691 9.694400 -0.080825 -0.008340 0.996693 -1.109700 0.000000 0.000000 0.000000 1.000000
0.996642 0.009550 0.081326 0.000000 -0.010395 0.999896 0.009973 9.694400 -0.081223 -0.010785 0.996638 -1.109700 0.000000 0.000000 0.000000 1.000000
0.996607 0.010706 0.081612 0.000000 -0.011674 0.999867 0.011395 9.694400 -0.081479 -0.012309 0.996599 -1.109700 0.000000 0.000000 0.000000 1.000000
0.996607 0.011091 0.081554 0.000000 -0.012132 0.999851 0.012285 9.694400 -0.081405 -0.013232 0.996593 -1.109700 0.000000 0.000000 0.000000 1.000000</float_array>
        <technique_common>
          <accessor source="#mixamorig7_Spine-Matrix-animation-output-transform-array" count="57" stride="16">
            <param type="float4x4"/>
          </accessor>
        </technique_common>
      </source>
      <source id="mixamorig7_Spine-Interpolations">
        <Name_array id="mixamorig7_Spine-Interpolations-array" count="57">
 LINEAR LINEAR LINEAR LINEAR LINEAR LINEAR LINEAR LINEAR LINEAR LINEAR LINEAR
LINEAR LINEAR LINEAR LINEAR LINEAR LINEAR LINEAR LINEAR LINEAR LINEAR LINEAR LINEAR
LINEAR LINEAR LINEAR LINEAR LINEAR LINEAR LINEAR LINEAR LINEAR LINEAR LINEAR LINEAR
LINEAR LINEAR LINEAR LINEAR LINEAR LINEAR LINEAR LINEAR LINEAR LINEAR LINEAR LINEAR
LINEAR LINEAR LINEAR LINEAR LINEAR LINEAR LINEAR LINEAR LINEAR LINEAR</Name_array>
        <technique_common>
          <accessor source="#mixamorig7_Spine-Interpolations-array" count="57">
            <param type="name"/>
          </accessor>
        </technique_common>
      </source>
      <sampler id="mixamorig7_Spine-Matrix-animation-transform">
        <input semantic="INPUT" source="#mixamorig7_Spine-Matrix-animation-input"/>
        <input semantic="OUTPUT" source="#mixamorig7_Spine-Matrix-animation-output-transform"/>
        <input semantic="INTERPOLATION" source="#mixamorig7_Spine-Interpolations"/>
      </sampler>
      <channel source="#mixamorig7_Spine-Matrix-animation-transform" target="mixamorig7_Spine/matrix"/>
    </animation>
    <animation id="mixamorig7_Spine1-anim" name="mixamorig7_Spine1">
      <source id="mixamorig7_Spine1-Matrix-animation-input">
        <float_array id="mixamorig7_Spine1-Matrix-animation-input-array" count="57">

0.000000 0.033333 0.066667 0.100000 0.133333 0.166667 0.200000 0.233333 0.266667 0.300000 0.333333 0.366667 0.400000 0.433333 0.466667 0.500000
0.533333 0.566667 0.600000 0.633333 0.666667 0.700000 0.733333 0.766667 0.800000 0.833333 0.866667 0.900000 0.933333 0.966667 1.000000 1.033333
1.066667 1.100000 1.133333 1.166667 1.200000 1.233333 1.266667 1.300000 1.333333 1.366667 1.400000 1.433333 1.466667 1.500000 1.533333 1.566667
1.600000 1.633333 1.666667 1.700000 1.733333 1.766667 1.800000 1.833333 1.866667</float_array>
        <technique_common>
          <accessor source="#mixamorig7_Spine1-Matrix-animation-input-array" count="57">
            <param name="TIME" type="float"/>
          </accessor>
        </technique_common>
      </source>
      <source id="mixamorig7_Spine1-Matrix-animation-output-transform">
        <float_array id="mixamorig7_Spine1-Matrix-animation-output-transform-array" count="912">

0.986175 0.034860 0.161997 0.000000 -0.001585 0.979561 -0.201143 11.384000 -0.165697 0.198105 0.966074 -0.000000 0.000000 0.000000 0.000000 1.000000
0.987912 0.035379 0.150924 0.000000 -0.004280 0.979461 -0.201588 11.384000 -0.154956 0.198505 0.967773 -0.000000 0.000000 0.000000 0.000000 1.000000
0.990355 0.034535 0.134182 -0.000000 -0.006151 0.978442 -0.206429 11.384000 -0.138418 0.203613 0.969217 0.000000 0.000000 0.000000 0.000000 1.000000
0.992101 0.032108 0.121264 -0.000000 -0.005729 0.977277 -0.211889 11.384000 -0.125312 0.209521 0.969741 0.000000 0.000000 0.000000 0.000000 1.000000
0.993727 0.025806 0.108814 0.000000 -0.001065 0.975152 -0.221533 11.384000 -0.111827 0.220028 0.969063 0.000000 0.000000 0.000000 0.000000 1.000000
0.995624 0.018223 0.091660 -0.000000 0.003882 0.971892 -0.235395 11.384000 -0.093374 0.234721 0.967568 0.000000 0.000000 0.000000 0.000000 1.000000
0.997883 0.012116 0.063902 0.000000 0.004407 0.967642 -0.252288 11.384000 -0.064891 0.252036 0.965540 0.000000 0.000000 0.000000 0.000000 1.000000
0.999381 0.006611 0.034556 -0.000000 0.003217 0.960902 -0.276872 11.384000 -0.035035 0.276811 0.960285 0.000000 0.000000 0.000000 0.000000 1.000000
0.999801 0.005382 0.019231 0.000000 0.000561 0.955055 -0.296427 11.384000 -0.019962 0.296379 0.954862 0.000000 0.000000 0.000000 0.000000 1.000000
0.999912 0.004853 0.012383 0.000000 -0.000824 0.951858 -0.306538 11.384000 -0.013274 0.306500 0.951778 0.000000 0.000000 0.000000 0.000000 1.000000
0.999959 -0.002551 0.008660 0.000000 0.005148 0.949143 -0.314802 11.384000 -0.007417 0.314834 0.949118 0.000000 0.000000 0.000000 0.000000 1.000000
0.999809 -0.004874 0.018943 0.000000 0.010389 0.952872 -0.303194 11.384000 -0.016572 0.303333 0.952741 0.000000 0.000000 0.000000 0.000000 1.000000
0.999708 -0.003155 0.023964 -0.000000 0.009598 0.961755 -0.273744 11.384000 -0.022184 0.273894 0.961504 0.000000 0.000000 0.000000 0.000000 1.000000
0.999647 -0.004066 0.026259 0.000000 0.010613 0.967071 -0.254287 11.384000 -0.024360 0.254476 0.966772 0.000000 0.000000 0.000000 0.000000 1.000000
0.999103 0.005066 0.042036 0.000000 0.005252 0.970319 -0.241770 11.384000 -0.042013 0.241774 0.969423 0.000000 0.000000 0.000000 0.000000 1.000000
0.998059 0.020551 0.058785 0.000000 -0.007889 0.978095 -0.208010 11.384000 -0.061772 0.207143 0.976359 0.000000 0.000000 0.000000 0.000000 1.000000
0.997036 0.033001 0.069500 -0.000000 -0.020337 0.984252 -0.175595 11.384000 -0.074201 0.173661 0.982006 -0.000000 0.000000 0.000000 0.000000 1.000000
0.996053 0.045679 0.076104 0.000000 -0.031383 0.983270 -0.179431 11.384000 -0.083027 0.176334 0.980822 0.000000 0.000000 0.000000 0.000000 1.000000
0.995326 0.059089 0.076380 0.000000 -0.042657 0.978619 -0.201212 11.384000 -0.086636 0.197013 0.976565 -0.000000 0.000000 0.000000 0.000000 1.000000
0.995152 0.070319 0.068756 0.000000 -0.053085 0.972595 -0.226365 11.384000 -0.082789 0.221618 0.971613 0.000000 0.000000 0.000000 0.000000 1.000000
0.994800 0.088385 0.050613 0.000000 -0.072235 0.962587 -0.261168 11.384000 -0.071802 0.256153 0.963966 0.000000 0.000000 0.000000 0.000000 1.000000
0.994299 0.103327 0.026325 0.000000 -0.090169 0.946566 -0.309648 11.384000 -0.056913 0.305509 0.950487 -0.000000 0.000000 0.000000 0.000000 1.000000
0.992998 0.117865 0.007984 -0.000000 -0.106177 0.920073 -0.377083 11.384000 -0.051791 0.373595 0.926145 -0.000000 0.000000 0.000000 0.000000 1.000000
0.991842 0.127411 -0.004048 0.000000 -0.116031 0.889185 -0.442591 11.384000 -0.052792 0.439450 0.896714 -0.000000 0.000000 0.000000 0.000000 1.000000
0.992137 0.124486 -0.012935 0.000000 -0.115086 0.866809 -0.485178 11.384000 -0.049186 0.482852 0.874320 0.000000 0.000000 0.000000 0.000000 1.000000
0.993413 0.113027 -0.018837 -0.000000 -0.107581 0.863401 -0.492915 11.384000 -0.039449 0.491695 0.869873 0.000000 0.000000 0.000000 0.000000 1.000000
0.995113 0.096633 -0.020311 0.000000 -0.094670 0.875174 -0.474456 11.384000 -0.028072 0.474060 0.880045 0.000000 0.000000 0.000000 0.000000 1.000000
0.996717 0.078031 -0.021610 0.000000 -0.079625 0.896220 -0.436405 11.384000 -0.014686 0.436693 0.899491 -0.000000 0.000000 0.000000 0.000000 1.000000
0.997829 0.059493 -0.028237 0.000000 -0.065771 0.921808 -0.382026 11.384000 0.003301 0.383054 0.923720 0.000000 0.000000 0.000000 0.000000 1.000000
0.998506 0.043655 -0.032855 0.000000 -0.051804 0.947558 -0.315358 11.384000 0.017365 0.316589 0.948404 0.000000 0.000000 0.000000 0.000000 1.000000
0.999157 0.032703 -0.024797 0.000000 -0.037962 0.966034 -0.255611 11.384000 0.015595 0.256337 0.966462 -0.000000 0.000000 0.000000 0.000000 1.000000
0.999588 0.024288 -0.015321 0.000000 -0.026985 0.976914 -0.211924 11.384000 0.009821 0.212250 0.977166 0.000000 0.000000 0.000000 0.000000 1.000000
0.999836 0.016898 -0.006479 0.000000 -0.017800 0.982859 -0.183499 11.384000 0.003267 0.183584 0.982999 -0.000000 0.000000 0.000000 0.000000 1.000000
0.999896 0.013847 -0.004130 -0.000000 -0.014373 0.982555 -0.185415 11.384000 0.001491 0.185455 0.982652 0.000000 0.000000 0.000000 0.000000 1.000000
0.999894 0.013083 0.006404 -0.000000 -0.011464 0.978036 -0.208121 11.384000 -0.008986 0.208026 0.978082 0.000000 0.000000 0.000000 0.000000 1.000000
0.999723 0.015346 0.017850 0.000000 -0.010414 0.968367 -0.249314 11.384000 -0.021111 0.249059 0.968258 -0.000000 0.000000 0.000000 0.000000 1.000000
0.999773 0.008076 0.019705 0.000000 -0.001965 0.956345 -0.292235 11.384000 -0.021205 0.292130 0.956144 0.000000 0.000000 0.000000 0.000000 1.000000
0.999581 -0.009669 0.027267 0.000000 0.018401 0.939767 -0.341321 11.384000 -0.022324 0.341679 0.939551 0.000000 0.000000 0.000000 0.000000 1.000000
0.999031 -0.027254 0.034569 0.000000 0.038428 0.923013 -0.382846 11.384000 -0.021474 0.383803 0.923165 -0.000000 0.000000 0.000000 0.000000 1.000000
0.998119 -0.045395 0.041212 0.000000 0.058343 0.909849 -0.410818 11.384000 -0.018848 0.412450 0.910785 0.000000 0.000000 0.000000 0.000000 1.000000
0.996717 -0.060963 0.053271 0.000000 0.078102 0.897316 -0.434424 11.384000 -0.021317 0.437159 0.899132 0.000000 0.000000 0.000000 0.000000 1.000000
0.995655 -0.067490 0.064163 -0.000000 0.089055 0.891493 -0.444196 11.384000 -0.027223 0.447980 0.893629 0.000000 0.000000 0.000000 0.000000 1.000000
0.994813 -0.070961 0.072885 -0.000000 0.095618 0.896807 -0.431965 11.384000 -0.034711 0.436693 0.898940 0.000000 0.000000 0.000000 0.000000 1.000000
0.994176 -0.068963 0.082820 -0.000000 0.097048 0.907046 -0.409695 11.384000 -0.046868 0.415346 0.908455 0.000000 0.000000 0.000000 0.000000 1.000000
0.994166 -0.058188 0.090821 0.000000 0.088773 0.919669 -0.382528 11.384000 -0.061266 0.388359 0.919469 0.000000 0.000000 0.000000 0.000000 1.000000
0.993963 -0.046769 0.099252 -0.000000 0.079048 0.932587 -0.352183 11.384000 -0.076090 0.357903 0.930653 0.000000 0.000000 0.000000 0.000000 1.000000
0.993250 -0.035350 0.110477 -0.000000 0.069687 0.943241 -0.324715 11.384000 -0.092728 0.330221 0.939338 0.000000 0.000000 0.000000 0.000000 1.000000
0.992092 -0.022710 0.123443 -0.000000 0.059269 0.951700 -0.301253 11.384000 -0.110639 0.306187 0.945520 0.000000 0.000000 0.000000 0.000000 1.000000
0.990773 -0.011001 0.135088 0.000000 0.048324 0.959867 -0.276260 11.384000 -0.126628 0.280239 0.951542 -0.000000 0.000000 0.000000 0.000000 1.000000
0.989514 -0.000301 0.144440 0.000000 0.036883 0.967372 -0.250660 11.384000 -0.139651 0.253359 0.957239 0.000000 0.000000 0.000000 0.000000 1.000000
0.988242 0.010122 0.152562 -0.000000 0.025525 0.972882 -0.229890 11.384000 -0.150751 0.231082 0.961184 0.000000 0.000000 0.000000 0.000000 1.000000
0.987344 0.017912 0.157576 0.000000 0.017310 0.975493 -0.219348 11.384000 -0.157643 0.219300 0.962838 0.000000 0.000000 0.000000 0.000000 1.000000
0.986845 0.023855 0.159903 0.000000 0.011050 0.976788 -0.213922 11.384000 -0.161294 0.212874 0.963675 0.000000 0.000000 0.000000 0.000000 1.000000
0.986527 0.028479 0.161103 0.000000 0.006129 0.977608 -0.210344 11.384000 -0.163486 0.208497 0.964262 0.000000 0.000000 0.000000 0.000000 1.000000
0.986291 0.032082 0.161865 0.000000 0.001986 0.978540 -0.206047 11.384000 -0.165002 0.203544 0.965062 0.000000 0.000000 0.000000 0.000000 1.000000
0.986132 0.034334 0.162373 -0.000000 -0.000603 0.979102 -0.203371 11.384000 -0.165962 0.200453 0.965544 0.000000 0.000000 0.000000 0.000000 1.000000
0.986122 0.035081 0.162276 0.000000 -0.001656 0.979451 -0.201677 11.384000 -0.166017 0.198609 0.965915 0.000000 0.000000 0.000000 0.000000 1.000000</float_array>
        <technique_common>
          <accessor source="#mixamorig7_Spine1-Matrix-animation-output-transform-array" count="57" stride="16">
            <param type="float4x4"/>
          </accessor>
        </technique_common>
      </source>
      <source id="mixamorig7_Spine1-Interpolations">
        <Name_array id="mixamorig7_Spine1-Interpolations-array" count="57">
 LINEAR LINEAR LINEAR LINEAR LINEAR LINEAR LINEAR LINEAR LINEAR LINEAR LINEAR
LINEAR LINEAR LINEAR LINEAR LINEAR LINEAR LINEAR LINEAR LINEAR LINEAR LINEAR LINEAR
LINEAR LINEAR LINEAR LINEAR LINEAR LINEAR LINEAR LINEAR LINEAR LINEAR LINEAR LINEAR
LINEAR LINEAR LINEAR LINEAR LINEAR LINEAR LINEAR LINEAR LINEAR LINEAR LINEAR LINEAR
LINEAR LINEAR LINEAR LINEAR LINEAR LINEAR LINEAR LINEAR LINEAR LINEAR</Name_array>
        <technique_common>
          <accessor source="#mixamorig7_Spine1-Interpolations-array" count="57">
            <param type="name"/>
          </accessor>
        </technique_common>
      </source>
      <sampler id="mixamorig7_Spine1-Matrix-animation-transform">
        <input semantic="INPUT" source="#mixamorig7_Spine1-Matrix-animation-input"/>
        <input semantic="OUTPUT" source="#mixamorig7_Spine1-Matrix-animation-output-transform"/>
        <input semantic="INTERPOLATION" source="#mixamorig7_Spine1-Interpolations"/>
      </sampler>
      <channel source="#mixamorig7_Spine1-Matrix-animation-transform" target="mixamorig7_Spine1/matrix"/>
    </animation>
    <animation id="mixamorig7_Spine2-anim" name="mixamorig7_Spine2">
      <source id="mixamorig7_Spine2-Matrix-animation-input">
        <float_array id="mixamorig7_Spine2-Matrix-animation-input-array" count="57">

0.000000 0.033333 0.066667 0.100000 0.133333 0.166667 0.200000 0.233333 0.266667 0.300000 0.333333 0.366667 0.400000 0.433333 0.466667 0.500000
0.533333 0.566667 0.600000 0.633333 0.666667 0.700000 0.733333 0.766667 0.800000 0.833333 0.866667 0.900000 0.933333 0.966667 1.000000 1.033333
1.066667 1.100000 1.133333 1.166667 1.200000 1.233333 1.266667 1.300000 1.333333 1.366667 1.400000 1.433333 1.466667 1.500000 1.533333 1.566667
1.600000 1.633333 1.666667 1.700000 1.733333 1.766667 1.800000 1.833333 1.866667</float_array>
        <technique_common>
          <accessor source="#mixamorig7_Spine2-Matrix-animation-input-array" count="57">
            <param name="TIME" type="float"/>
          </accessor>
        </technique_common>
      </source>
      <source id="mixamorig7_Spine2-Matrix-animation-output-transform">
        <float_array id="mixamorig7_Spine2-Matrix-animation-output-transform-array" count="912">

0.986175 0.034860 0.161997 -0.000000 -0.001585 0.979561 -0.201143 13.010300 -0.165697 0.198105 0.966074 0.000000 0.000000 0.000000 0.000000 1.000000
0.987912 0.035379 0.150924 0.000000 -0.004280 0.979461 -0.201588 13.010300 -0.154957 0.198505 0.967773 0.000000 0.000000 0.000000 0.000000 1.000000
0.990355 0.034535 0.134182 0.000000 -0.006151 0.978442 -0.206429 13.010300 -0.138418 0.203613 0.969217 0.000000 0.000000 0.000000 0.000000 1.000000
0.992101 0.032108 0.121265 -0.000000 -0.005729 0.977277 -0.211889 13.010300 -0.125312 0.209521 0.969741 -0.000000 0.000000 0.000000 0.000000 1.000000
0.993727 0.025806 0.108814 -0.000000 -0.001065 0.975152 -0.221533 13.010300 -0.111827 0.220028 0.969063 0.000000 0.000000 0.000000 0.000000 1.000000
0.995624 0.018223 0.091660 0.000000 0.003882 0.971892 -0.235396 13.010300 -0.093374 0.234721 0.967568 0.000000 0.000000 0.000000 0.000000 1.000000
0.997883 0.012116 0.063902 0.000000 0.004407 0.967642 -0.252288 13.010300 -0.064891 0.252036 0.965540 -0.000000 0.000000 0.000000 0.000000 1.000000
0.999381 0.006611 0.034556 -0.000000 0.003217 0.960902 -0.276871 13.010300 -0.035036 0.276811 0.960285 -0.000000 0.000000 0.000000 0.000000 1.000000
0.999801 0.005382 0.019231 0.000000 0.000561 0.955055 -0.296428 13.010300 -0.019962 0.296379 0.954862 0.000000 0.000000 0.000000 0.000000 1.000000
0.999912 0.004853 0.012383 0.000000 -0.000824 0.951858 -0.306538 13.010300 -0.013274 0.306500 0.951778 0.000000 0.000000 0.000000 0.000000 1.000000
0.999959 -0.002552 0.008660 0.000000 0.005148 0.949143 -0.314802 13.010300 -0.007417 0.314834 0.949118 -0.000000 0.000000 0.000000 0.000000 1.000000
0.999809 -0.004874 0.018943 0.000000 0.010389 0.952872 -0.303194 13.010300 -0.016572 0.303333 0.952740 -0.000000 0.000000 0.000000 0.000000 1.000000
0.999708 -0.003155 0.023965 0.000000 0.009598 0.961755 -0.273744 13.010300 -0.022185 0.273894 0.961504 -0.000000 0.000000 0.000000 0.000000 1.000000
0.999647 -0.004066 0.026259 -0.000000 0.010613 0.967071 -0.254287 13.010300 -0.024360 0.254475 0.966772 0.000000 0.000000 0.000000 0.000000 1.000000
0.999103 0.005066 0.042035 0.000000 0.005252 0.970319 -0.241770 13.010300 -0.042012 0.241774 0.969423 0.000000 0.000000 0.000000 0.000000 1.000000
0.998059 0.020551 0.058785 0.000000 -0.007889 0.978095 -0.208010 13.010300 -0.061772 0.207143 0.976359 0.000000 0.000000 0.000000 0.000000 1.000000
0.997036 0.033001 0.069501 0.000000 -0.020337 0.984252 -0.175595 13.010300 -0.074201 0.173661 0.982006 -0.000000 0.000000 0.000000 0.000000 1.000000
0.996053 0.045679 0.076105 0.000000 -0.031383 0.983270 -0.179431 13.010300 -0.083028 0.176334 0.980822 -0.000000 0.000000 0.000000 0.000000 1.000000
0.995326 0.059089 0.076380 0.000000 -0.042657 0.978619 -0.201212 13.010300 -0.086636 0.197013 0.976565 -0.000000 0.000000 0.000000 0.000000 1.000000
0.995152 0.070319 0.068756 0.000000 -0.053085 0.972595 -0.226365 13.010300 -0.082789 0.221618 0.971613 0.000000 0.000000 0.000000 0.000000 1.000000
0.994800 0.088385 0.050613 0.000000 -0.072235 0.962587 -0.261168 13.010300 -0.071802 0.256154 0.963966 0.000000 0.000000 0.000000 0.000000 1.000000
0.994299 0.103327 0.026325 0.000000 -0.090169 0.946566 -0.309648 13.010300 -0.056913 0.305509 0.950487 0.000000 0.000000 0.000000 0.000000 1.000000
0.992998 0.117865 0.007984 0.000000 -0.106177 0.920073 -0.377083 13.010300 -0.051791 0.373595 0.926145 0.000000 0.000000 0.000000 0.000000 1.000000
0.991842 0.127411 -0.004048 -0.000000 -0.116031 0.889185 -0.442591 13.010300 -0.052792 0.439450 0.896714 0.000000 0.000000 0.000000 0.000000 1.000000
0.992137 0.124486 -0.012935 0.000000 -0.115086 0.866809 -0.485179 13.010300 -0.049186 0.482852 0.874319 0.000000 0.000000 0.000000 0.000000 1.000000
0.993413 0.113027 -0.018837 0.000000 -0.107581 0.863401 -0.492915 13.010300 -0.039449 0.491695 0.869873 0.000000 0.000000 0.000000 0.000000 1.000000
0.995113 0.096633 -0.020311 0.000000 -0.094670 0.875174 -0.474456 13.010300 -0.028072 0.474060 0.880045 0.000000 0.000000 0.000000 0.000000 1.000000
0.996717 0.078031 -0.021610 0.000000 -0.079625 0.896220 -0.436405 13.010300 -0.014686 0.436693 0.899491 -0.000000 0.000000 0.000000 0.000000 1.000000
0.997829 0.059493 -0.028237 -0.000000 -0.065772 0.921808 -0.382026 13.010300 0.003302 0.383054 0.923720 0.000000 0.000000 0.000000 0.000000 1.000000
0.998506 0.043655 -0.032855 0.000000 -0.051804 0.947558 -0.315358 13.010300 0.017365 0.316589 0.948404 -0.000000 0.000000 0.000000 0.000000 1.000000
0.999157 0.032703 -0.024797 -0.000000 -0.037962 0.966034 -0.255611 13.010300 0.015595 0.256336 0.966462 0.000000 0.000000 0.000000 0.000000 1.000000
0.999588 0.024288 -0.015321 0.000000 -0.026985 0.976914 -0.211924 13.010300 0.009820 0.212250 0.977166 0.000000 0.000000 0.000000 0.000000 1.000000
0.999836 0.016898 -0.006479 -0.000000 -0.017800 0.982859 -0.183499 13.010300 0.003267 0.183584 0.982999 0.000000 0.000000 0.000000 0.000000 1.000000
0.999896 0.013847 -0.004130 0.000000 -0.014373 0.982555 -0.185415 13.010300 0.001491 0.185455 0.982652 -0.000000 0.000000 0.000000 0.000000 1.000000
