<?xml version="1.0" encoding="utf-8"?>
<COLLADA xmlns="http://www.collada.org/2005/11/COLLADASchema" version="1.4.1">
  <asset>
    <contributor>
      <author>Mixamo</author>
      <authoring_tool>COLLADA Mixamo exporter</authoring_tool>
      <comments/>
    </contributor>
    <created>2024-05-20T06:16:38Z</created>
    <modified>2024-05-20T06:16:38Z</modified>
    <revision/>
    <title/>
    <unit meter="0.010000"/>
    <up_axis>Y_UP</up_axis>
  </asset>
  <library_animations>
    <animation id="mixamorig7_Hips-anim" name="mixamorig7_Hips">
      <source id="mixamorig7_Hips-Matrix-animation-input">
        <float_array id="mixamorig7_Hips-Matrix-animation-input-array" count="31">

0.000000 0.033333 0.066667 0.100000 0.133333 0.166667 0.200000 0.233333 0.266667 0.300000 0.333333 0.366667 0.400000 0.433333 0.466667 0.500000
0.533333 0.566667 0.600000 0.633333 0.666667 0.700000 0.733333 0.766667 0.800000 0.833333 0.866667 0.900000 0.933333 0.966667 1.000000</float_array>
        <technique_common>
          <accessor source="#mixamorig7_Hips-Matrix-animation-input-array" count="31">
            <param name="TIME" type="float"/>
          </accessor>
        </technique_common>
      </source>
      <source id="mixamorig7_Hips-Matrix-animation-output-transform">
        <float_array id="mixamorig7_Hips-Matrix-animation-output-transform-array" count="496">

0.981847 0.079439 -0.172240 1.335371 -0.107543 0.981156 -0.160522 98.332245 0.156243 0.176131 0.971888 0.097347 0.000000 0.000000 0.000000 1.000000
0.978963 0.076135 -0.189300 1.374487 -0.106412 0.982118 -0.155310 98.368996 0.174091 0.172187 0.969559 -2.358591 0.000000 0.000000 0.000000 1.000000
0.974951 0.074128 -0.209702 1.288149 -0.104848 0.984672 -0.139388 98.338638 0.196155 0.157883 0.967779 -4.856681 0.000000 0.000000 0.000000 1.000000
0.971180 0.073735 -0.226656 1.061777 -0.101511 0.988347 -0.113429 98.110367 0.215651 0.133168 0.967347 -7.353773 0.000000 0.000000 0.000000 1.000000
0.970833 0.073289 -0.228280 0.806320 -0.094887 0.991843 -0.085107 97.608276 0.220180 0.104286 0.969869 -9.903468 0.000000 0.000000 0.000000 1.000000
0.975931 0.067987 -0.207213 0.688213 -0.082971 0.994463 -0.064491 96.915268 0.201682 0.080131 0.976168 -12.620540 0.000000 0.000000 0.000000 1.000000
0.983700 0.054573 -0.171336 0.788640 -0.064820 0.996392 -0.054788 96.342285 0.167728 0.065001 0.983688 -15.834517 0.000000 0.000000 0.000000 1.000000
0.989718 0.033038 -0.139163 0.911672 -0.040608 0.997826 -0.051907 96.069923 0.137146 0.057024 0.988908 -19.798422 0.000000 0.000000 0.000000 1.000000
0.992627 0.013226 -0.120487 0.805963 -0.019563 0.998478 -0.051558 96.077614 0.119621 0.053535 0.991375 -24.296364 0.000000 0.000000 0.000000 1.000000
0.994040 -0.000639 -0.109017 0.441862 -0.005033 0.998647 -0.051750 96.282722 0.108902 0.051990 0.992692 -28.905535 0.000000 0.000000 0.000000 1.000000
0.995445 -0.009441 -0.094874 0.032080 0.004644 0.998705 -0.050661 96.579056 0.095229 0.049989 0.994199 -33.193848 0.000000 0.000000 0.000000 1.000000
0.996782 -0.021176 -0.077307 -0.192909 0.017569 0.998739 -0.047035 96.825508 0.078205 0.045525 0.995897 -36.852818 0.000000 0.000000 0.000000 1.000000
0.997507 -0.037762 -0.059620 -0.177064 0.035209 0.998441 -0.043307 96.965935 0.061163 0.041099 0.997281 -40.034817 0.000000 0.000000 0.000000 1.000000
0.997762 -0.054124 -0.039274 -0.081799 0.052371 0.997641 -0.044379 97.023766 0.041584 0.042222 0.998242 -43.039970 0.000000 0.000000 0.000000 1.000000
0.997956 -0.063148 -0.009824 -0.056069 0.062581 0.996785 -0.050030 96.999855 0.012951 0.049313 0.998699 -46.001453 0.000000 0.000000 0.000000 1.000000
0.997409 -0.066644 0.027104 -0.118594 0.067989 0.996321 -0.052182 96.936768 -0.023526 0.053889 0.998270 -48.778770 0.000000 0.000000 0.000000 1.000000
0.995778 -0.069886 0.059511 -0.217372 0.072503 0.996440 -0.043017 96.746513 -0.056293 0.047150 0.997300 -51.287739 0.000000 0.000000 0.000000 1.000000
0.994084 -0.075824 0.077761 -0.319009 0.077938 0.996657 -0.024515 96.413849 -0.075642 0.030431 0.996671 -53.697632 0.000000 0.000000 0.000000 1.000000
0.993225 -0.078889 0.085332 -0.392744 0.079855 0.996775 -0.007961 95.990028 -0.084428 0.014721 0.996321 -56.214378 0.000000 0.000000 0.000000 1.000000
0.992849 -0.074129 0.093577 -0.397603 0.074885 0.997182 -0.004585 95.650627 -0.092973 0.011560 0.995601 -58.822536 0.000000 0.000000 0.000000 1.000000
0.992054 -0.060946 0.110066 -0.308634 0.063338 0.997823 -0.018362 95.426788 -0.108707 0.025187 0.993755 -61.509129 0.000000 0.000000 0.000000 1.000000
0.990294 -0.042166 0.132438 -0.118370 0.048633 0.997758 -0.045978 95.312614 -0.130202 0.051973 0.990124 -64.304810 0.000000 0.000000 0.000000 1.000000
0.988241 -0.018308 0.151806 0.148692 0.030914 0.996227 -0.081098 95.339592 -0.149748 0.084837 0.985078 -67.258293 0.000000 0.000000 0.000000 1.000000
0.987297 0.010535 0.158533 0.426874 0.008433 0.992918 -0.118498 95.618607 -0.158659 0.118330 0.980217 -70.494934 0.000000 0.000000 0.000000 1.000000
0.988480 0.039649 0.146064 0.698350 -0.016898 0.987953 -0.153827 96.226349 -0.150403 0.149587 0.977242 -74.132645 0.000000 0.000000 0.000000 1.000000
0.991995 0.059424 0.111422 1.005685 -0.038519 0.982698 -0.181163 97.033974 -0.120259 0.175421 0.977121 -78.149590 0.000000 0.000000 0.000000 1.000000
0.996327 0.066036 0.054513 1.335410 -0.054265 0.979379 -0.194605 97.835022 -0.066240 0.190932 0.979366 -82.323128 0.000000 0.000000 0.000000 1.000000
0.997733 0.064814 -0.018092 1.599663 -0.067091 0.978864 -0.193192 98.348541 0.005188 0.193968 0.980994 -86.405334 0.000000 0.000000 0.000000 1.000000
0.993715 0.066020 -0.090402 1.653717 -0.081679 0.979854 -0.182249 98.534599 0.076549 0.188488 0.979088 -90.200417 0.000000 0.000000 0.000000 1.000000
0.986969 0.071987 -0.143908 1.540306 -0.096277 0.980785 -0.169680 98.488106 0.128928 0.181324 0.974935 -93.467712 0.000000 0.000000 0.000000 1.000000
0.982144 0.078299 -0.171060 1.379692 -0.106300 0.981178 -0.161212 98.375923 0.155218 0.176518 0.971982 -95.675034 0.000000 0.000000 0.000000 1.000000</float_array>
        <technique_common>
          <accessor source="#mixamorig7_Hips-Matrix-animation-output-transform-array" count="31" stride="16">
            <param type="float4x4"/>
          </accessor>
        </technique_common>
      </source>
      <source id="mixamorig7_Hips-Interpolations">
        <Name_array id="mixamorig7_Hips-Interpolations-array" count="31">
 LINEAR LINEAR LINEAR LINEAR LINEAR LINEAR LINEAR LINEAR LINEAR LINEAR LINEAR
LINEAR LINEAR LINEAR LINEAR LINEAR LINEAR LINEAR LINEAR LINEAR LINEAR LINEAR LINEAR
LINEAR LINEAR LINEAR LINEAR LINEAR LINEAR LINEAR LINEAR</Name_array>
        <technique_common>
          <accessor source="#mixamorig7_Hips-Interpolations-array" count="31">
            <param type="name"/>
          </accessor>
        </technique_common>
      </source>
      <sampler id="mixamorig7_Hips-Matrix-animation-transform">
        <input semantic="INPUT" source="#mixamorig7_Hips-Matrix-animation-input"/>
        <input semantic="OUTPUT" source="#mixamorig7_Hips-Matrix-animation-output-transform"/>
        <input semantic="INTERPOLATION" source="#mixamorig7_Hips-Interpolations"/>
      </sampler>
      <channel source="#mixamorig7_Hips-Matrix-animation-transform" target="mixamorig7_Hips/matrix"/>
    </animation>
    <animation id="mixamorig7_Spine-anim" name="mixamorig7_Spine">
      <source id="mixamorig7_Spine-Matrix-animation-input">
        <float_array id="mixamorig7_Spine-Matrix-animation-input-array" count="31">

0.000000 0.033333 0.066667 0.100000 0.133333 0.166667 0.200000 0.233333 0.266667 0.300000 0.333333 0.366667 0.400000 0.433333 0.466667 0.500000
0.533333 0.566667 0.600000 0.633333 0.666667 0.700000 0.733333 0.766667 0.800000 0.833333 0.866667 0.900000 0.933333 0.966667 1.000000</float_array>
        <technique_common>
          <accessor source="#mixamorig7_Spine-Matrix-animation-input-array" count="31">
            <param name="TIME" type="float"/>
          </accessor>
        </technique_common>
      </source>
      <source id="mixamorig7_Spine-Matrix-animation-output-transform">
        <float_array id="mixamorig7_Spine-Matrix-animation-output-transform-array" count="496">

0.998027 -0.046501 0.042189 0.000000 0.046840 0.998877 -0.007087 9.694400 -0.041812 0.009049 0.999085 -1.109700 0.000000 0.000000 0.000000 1.000000
0.996770 -0.043783 0.067329 -0.000000 0.043408 0.999033 0.007025 9.694400 -0.067572 -0.004080 0.997706 -1.109700 0.000000 0.000000 0.000000 1.000000
0.994630 -0.042140 0.094532 0.000000 0.040790 0.999037 0.016172 9.694400 -0.095122 -0.012229 0.995390 -1.109700 0.000000 0.000000 0.000000 1.000000
0.992058 -0.042161 0.118507 0.000000 0.039873 0.998971 0.021619 9.694400 -0.119296 -0.016722 0.992718 -1.109700 0.000000 0.000000 0.000000 1.000000
0.990293 -0.044037 0.131837 -0.000000 0.041077 0.998841 0.025088 9.694400 -0.132789 -0.019429 0.990954 -1.109700 0.000000 0.000000 0.000000 1.000000
0.990390 -0.045547 0.130590 0.000000 0.042609 0.998774 0.025206 9.694400 -0.131578 -0.019400 0.991116 -1.109700 0.000000 0.000000 0.000000 1.000000
0.991943 -0.043185 0.119099 0.000000 0.041377 0.998988 0.017615 9.694400 -0.119740 -0.012545 0.992726 -1.109700 0.000000 0.000000 0.000000 1.000000
0.993715 -0.032000 0.107267 0.000000 0.032235 0.999480 -0.000460 9.694400 -0.107197 0.003915 0.994230 -1.109700 0.000000 0.000000 0.000000 1.000000
0.994859 -0.015727 0.100046 0.000000 0.018374 0.999504 -0.025591 9.694400 -0.099594 0.027298 0.994654 -1.109700 0.000000 0.000000 0.000000 1.000000
0.995564 0.002918 0.094045 0.000000 0.001941 0.998670 -0.051531 9.694400 -0.094070 0.051485 0.994233 -1.109700 0.000000 0.000000 0.000000 1.000000
0.996315 0.019723 0.083472 0.000000 -0.013569 0.997191 -0.073657 9.694400 -0.084691 0.072253 0.993784 -1.109700 0.000000 0.000000 0.000000 1.000000
0.997135 0.035145 0.066978 0.000000 -0.028985 0.995445 -0.090819 9.694400 -0.069865 0.088618 0.993612 -1.109700 0.000000 0.000000 0.000000 1.000000
0.997764 0.047193 0.047333 -0.000000 -0.042169 0.993888 -0.102021 9.694400 -0.051858 0.099797 0.993656 -1.109700 0.000000 0.000000 0.000000 1.000000
0.998204 0.053358 0.027237 0.000000 -0.050208 0.993149 -0.105516 9.694400 -0.032680 0.103959 0.994045 -1.109700 0.000000 0.000000 0.000000 1.000000
0.998583 0.052857 0.006204 -0.000000 -0.051949 0.993410 -0.102169 9.694400 -0.011563 0.101702 0.994748 -1.109700 0.000000 0.000000 0.000000 1.000000
0.998469 0.052235 -0.018173 -0.000000 -0.053775 0.993698 -0.098351 9.694400 0.012921 0.099178 0.994986 -1.109700 0.000000 0.000000 0.000000 1.000000
0.997279 0.057264 -0.046424 0.000000 -0.061769 0.992837 -0.102273 9.694400 0.040235 0.104863 0.993672 -1.109700 0.000000 0.000000 0.000000 1.000000
0.994685 0.068759 -0.076639 -0.000000 -0.077394 0.990220 -0.116078 9.694400 0.067908 0.121393 0.990279 -1.109700 0.000000 0.000000 0.000000 1.000000
0.991266 0.078317 -0.106104 0.000000 -0.092107 0.986958 -0.132020 9.694400 0.094380 0.140639 0.985552 -1.109700 0.000000 0.000000 0.000000 1.000000
0.988150 0.077254 -0.132634 0.000000 -0.095490 0.985937 -0.137151 9.694400 0.120173 0.148191 0.981630 -1.109700 0.000000 0.000000 0.000000 1.000000
0.986055 0.060921 -0.154870 0.000000 -0.080436 0.989137 -0.123038 9.694400 0.145692 0.133779 0.980243 -1.109700 0.000000 0.000000 0.000000 1.000000
0.984659 0.031483 -0.171626 -0.000000 -0.047763 0.994652 -0.091572 9.694400 0.167825 0.098365 0.980897 -1.109700 0.000000 0.000000 0.000000 1.000000
0.983292 -0.005454 -0.181954 0.000000 -0.004294 0.998578 -0.053139 9.694400 0.181985 0.053033 0.981870 -1.109700 0.000000 0.000000 0.000000 1.000000
0.981906 -0.042302 -0.184582 0.000000 0.039375 0.999034 -0.019496 9.694400 0.185228 0.011875 0.982624 -1.109700 0.000000 0.000000 0.000000 1.000000
0.981734 -0.070542 -0.176698 0.000000 0.072035 0.997400 0.002044 9.694400 0.176095 -0.014736 0.984263 -1.109700 0.000000 0.000000 0.000000 1.000000
0.984626 -0.082195 -0.154128 0.000000 0.084716 0.996356 0.009848 9.694400 0.152757 -0.022754 0.988002 -1.109700 0.000000 0.000000 0.000000 1.000000
0.990433 -0.076597 -0.114785 0.000000 0.077791 0.996952 0.005959 9.694400 0.113979 -0.014832 0.993372 -1.109700 0.000000 0.000000 0.000000 1.000000
0.996076 -0.060774 -0.064331 0.000000 0.060613 0.998151 -0.004457 9.694400 0.064483 0.000540 0.997919 -1.109700 0.000000 0.000000 0.000000 1.000000
0.998769 -0.047154 -0.015414 0.000000 0.046935 0.998796 -0.014265 9.694400 0.016068 0.013524 0.999779 -1.109700 0.000000 0.000000 0.000000 1.000000
0.998901 -0.042035 0.020730 0.000000 0.042404 0.998944 -0.017671 9.694400 -0.019965 0.018531 0.999629 -1.109700 0.000000 0.000000 0.000000 1.000000
0.998160 -0.044374 0.041314 0.000000 0.044965 0.998897 -0.013492 9.694400 -0.040670 0.015324 0.999055 -1.109700 0.000000 0.000000 0.000000 1.000000</float_array>
        <technique_common>
          <accessor source="#mixamorig7_Spine-Matrix-animation-output-transform-array" count="31" stride="16">
            <param type="float4x4"/>
          </accessor>
        </technique_common>
      </source>
      <source id="mixamorig7_Spine-Interpolations">
        <Name_array id="mixamorig7_Spine-Interpolations-array" count="31">
 LINEAR LINEAR LINEAR LINEAR LINEAR LINEAR LINEAR LINEAR LINEAR LINEAR LINEAR
LINEAR LINEAR LINEAR LINEAR LINEAR LINEAR LINEAR LINEAR LINEAR LINEAR LINEAR LINEAR
LINEAR LINEAR LINEAR LINEAR LINEAR LINEAR LINEAR LINEAR</Name_array>
        <technique_common>
          <accessor source="#mixamorig7_Spine-Interpolations-array" count="31">
            <param type="name"/>
          </accessor>
        </technique_common>
      </source>
      <sampler id="mixamorig7_Spine-Matrix-animation-transform">
        <input semantic="INPUT" source="#mixamorig7_Spine-Matrix-animation-input"/>
        <input semantic="OUTPUT" source="#mixamorig7_Spine-Matrix-animation-output-transform"/>
        <input semantic="INTERPOLATION" source="#mixamorig7_Spine-Interpolations"/>
      </sampler>
      <channel source="#mixamorig7_Spine-Matrix-animation-transform" target="mixamorig7_Spine/matrix"/>
    </animation>
    <animation id="mixamorig7_Spine1-anim" name="mixamorig7_Spine1">
      <source id="mixamorig7_Spine1-Matrix-animation-input">
        <float_array id="mixamorig7_Spine1-Matrix-animation-input-array" count="31">

0.000000 0.033333 0.066667 0.100000 0.133333 0.166667 0.200000 0.233333 0.266667 0.300000 0.333333 0.366667 0.400000 0.433333 0.466667 0.500000
0.533333 0.566667 0.600000 0.633333 0.666667 0.700000 0.733333 0.766667 0.800000 0.833333 0.866667 0.900000 0.933333 0.966667 1.000000</float_array>
        <technique_common>
          <accessor source="#mixamorig7_Spine1-Matrix-animation-input-array" count="31">
            <param name="TIME" type="float"/>
          </accessor>
        </technique_common>
      </source>
      <source id="mixamorig7_Spine1-Matrix-animation-output-transform">
        <float_array id="mixamorig7_Spine1-Matrix-animation-output-transform-array" count="496">

0.999804 0.017686 0.008937 -0.000000 -0.017665 0.999841 -0.002348 11.384000 -0.008977 0.002190 0.999957 0.000000 0.000000 0.000000 0.000000 1.000000
0.999806 0.015233 0.012481 0.000000 -0.015235 0.999884 0.000101 11.384000 -0.012478 -0.000291 0.999922 -0.000000 0.000000 0.000000 0.000000 1.000000
0.999772 0.013508 0.016520 0.000000 -0.013548 0.999906 0.002323 11.384000 -0.016487 -0.002547 0.999861 0.000000 0.000000 0.000000 0.000000 1.000000
0.999727 0.011879 0.020138 -0.000000 -0.011954 0.999922 0.003584 11.384000 -0.020094 -0.003824 0.999791 0.000000 0.000000 0.000000 0.000000 1.000000
0.999702 0.010338 0.022103 -0.000000 -0.010418 0.999940 0.003504 11.384000 -0.022065 -0.003734 0.999750 0.000000 0.000000 0.000000 0.000000 1.000000
0.999706 0.010254 0.021957 -0.000000 -0.010317 0.999943 0.002751 11.384000 -0.021928 -0.002977 0.999755 -0.000000 0.000000 0.000000 0.000000 1.000000
0.999703 0.013079 0.020581 0.000000 -0.013138 0.999910 0.002722 11.384000 -0.020544 -0.002992 0.999784 0.000000 0.000000 0.000000 0.000000 1.000000
0.999648 0.018150 0.019349 -0.000000 -0.018237 0.999824 0.004318 11.384000 -0.019267 -0.004669 0.999803 0.000000 0.000000 0.000000 0.000000 1.000000
0.999569 0.022571 0.018767 0.000000 -0.022706 0.999717 0.007046 11.384000 -0.018602 -0.007469 0.999799 -0.000000 0.000000 0.000000 0.000000 1.000000
0.999551 0.023842 0.018144 -0.000000 -0.024014 0.999668 0.009370 11.384000 -0.017915 -0.009802 0.999791 0.000000 0.000000 0.000000 0.000000 1.000000
0.999613 0.022330 0.016609 -0.000000 -0.022497 0.999697 0.009943 11.384000 -0.016382 -0.010313 0.999813 0.000000 0.000000 0.000000 0.000000 1.000000
0.999685 0.020716 0.014154 0.000000 -0.020839 0.999746 0.008612 11.384000 -0.013972 -0.008905 0.999863 0.000000 0.000000 0.000000 0.000000 1.000000
0.999708 0.021269 0.011473 0.000000 -0.021344 0.999751 0.006467 11.384000 -0.011333 -0.006710 0.999913 0.000000 0.000000 0.000000 0.000000 1.000000
0.999667 0.024182 0.009005 -0.000000 -0.024228 0.999694 0.005031 11.384000 -0.008880 -0.005248 0.999947 0.000000 0.000000 0.000000 0.000000 1.000000
0.999579 0.028266 0.006482 -0.000000 -0.028300 0.999585 0.005295 11.384000 -0.006329 -0.005476 0.999965 0.000000 0.000000 0.000000 0.000000 1.000000
0.999475 0.032232 0.003396 0.000000 -0.032256 0.999454 0.007164 11.384000 -0.003163 -0.007270 0.999969 0.000000 0.000000 0.000000 0.000000 1.000000
0.999388 0.034983 -0.000435 0.000000 -0.034977 0.999343 0.009531 11.384000 0.000768 -0.009510 0.999954 0.000000 0.000000 0.000000 0.000000 1.000000
0.999355 0.035567 -0.004854 -0.000000 -0.035513 0.999310 0.010863 11.384000 0.005237 -0.010684 0.999929 0.000000 0.000000 0.000000 0.000000 1.000000
0.999381 0.033837 -0.009613 0.000000 -0.033740 0.999380 0.010058 11.384000 0.009948 -0.009728 0.999903 -0.000000 0.000000 0.000000 0.000000 1.000000
0.999414 0.031055 -0.014376 -0.000000 -0.030956 0.999496 0.007048 11.384000 0.014588 -0.006599 0.999872 0.000000 0.000000 0.000000 0.000000 1.000000
0.999401 0.029183 -0.018600 0.000000 -0.029140 0.999572 0.002614 11.384000 0.018668 -0.002071 0.999824 0.000000 0.000000 0.000000 0.000000 1.000000
0.999335 0.029328 -0.021681 0.000000 -0.029386 0.999565 -0.002378 11.384000 0.021602 0.003013 0.999762 0.000000 0.000000 0.000000 0.000000 1.000000
0.999246 0.031071 -0.023273 0.000000 -0.031251 0.999484 -0.007420 11.384000 0.023030 0.008142 0.999702 0.000000 0.000000 0.000000 0.000000 1.000000
0.999176 0.033233 -0.023303 0.000000 -0.033518 0.999366 -0.011972 11.384000 0.022891 0.012743 0.999657 0.000000 0.000000 0.000000 0.000000 1.000000
0.999159 0.034823 -0.021657 0.000000 -0.035151 0.999270 -0.014974 11.384000 0.021120 0.015723 0.999653 0.000000 0.000000 0.000000 0.000000 1.000000
0.999219 0.035168 -0.018023 -0.000000 -0.035445 0.999255 -0.015284 11.384000 0.017472 0.015911 0.999721 0.000000 0.000000 0.000000 0.000000 1.000000
0.999355 0.033719 -0.012316 -0.000000 -0.033877 0.999344 -0.012800 11.384000 0.011876 0.013209 0.999842 0.000000 0.000000 0.000000 0.000000 1.000000
0.999525 0.030369 -0.005328 0.000000 -0.030415 0.999498 -0.008906 11.384000 0.005055 0.009064 0.999946 0.000000 0.000000 0.000000 0.000000 1.000000
0.999664 0.025907 0.001301 0.000000 -0.025899 0.999650 -0.005482 11.384000 -0.001442 0.005446 0.999984 0.000000 0.000000 0.000000 0.000000 1.000000
0.999748 0.021610 0.006138 -0.000000 -0.021589 0.999761 -0.003485 11.384000 -0.006212 0.003352 0.999975 0.000000 0.000000 0.000000 0.000000 1.000000
0.999793 0.018279 0.008886 0.000000 -0.018256 0.999830 -0.002687 11.384000 -0.008933 0.002525 0.999957 0.000000 0.000000 0.000000 0.000000 1.000000</float_array>
        <technique_common>
          <accessor source="#mixamorig7_Spine1-Matrix-animation-output-transform-array" count="31" stride="16">
            <param type="float4x4"/>
          </accessor>
        </technique_common>
      </source>
      <source id="mixamorig7_Spine1-Interpolations">
        <Name_array id="mixamorig7_Spine1-Interpolations-array" count="31">
 LINEAR LINEAR LINEAR LINEAR LINEAR LINEAR LINEAR LINEAR LINEAR LINEAR LINEAR
LINEAR LINEAR LINEAR LINEAR LINEAR LINEAR LINEAR LINEAR LINEAR LINEAR LINEAR LINEAR
LINEAR LINEAR LINEAR LINEAR LINEAR LINEAR LINEAR LINEAR</Name_array>
        <technique_common>
          <accessor source="#mixamorig7_Spine1-Interpolations-array" count="31">
            <param type="name"/>
          </accessor>
        </technique_common>
      </source>
      <sampler id="mixamorig7_Spine1-Matrix-animation-transform">
        <input semantic="INPUT" source="#mixamorig7_Spine1-Matrix-animation-input"/>
        <input semantic="OUTPUT" source="#mixamorig7_Spine1-Matrix-animation-output-transform"/>
        <input semantic="INTERPOLATION" source="#mixamorig7_Spine1-Interpolations"/>
      </sampler>
      <channel source="#mixamorig7_Spine1-Matrix-animation-transform" target="mixamorig7_Spine1/matrix"/>
    </animation>
    <animation id="mixamorig7_Spine2-anim" name="mixamorig7_Spine2">
      <source id="mixamorig7_Spine2-Matrix-animation-input">
        <float_array id="mixamorig7_Spine2-Matrix-animation-input-array" count="31">

0.000000 0.033333 0.066667 0.100000 0.133333 0.166667 0.200000 0.233333 0.266667 0.300000 0.333333 0.366667 0.400000 0.433333 0.466667 0.500000
0.533333 0.566667 0.600000 0.633333 0.666667 0.700000 0.733333 0.766667 0.800000 0.833333 0.866667 0.900000 0.933333 0.966667 1.000000</float_array>
        <technique_common>
          <accessor source="#mixamorig7_Spine2-Matrix-animation-input-array" count="31">
            <param name="TIME" type="float"/>
          </accessor>
        </technique_common>
      </source>
      <source id="mixamorig7_Spine2-Matrix-animation-output-transform">
        <float_array id="mixamorig7_Spine2-Matrix-animation-output-transform-array" count="496">

0.999804 0.017794 0.008706 0.000000 -0.017773 0.999839 -0.002450 13.010300 -0.008748 0.002295 0.999959 -0.000000 0.000000 0.000000 0.000000 1.000000
0.999805 0.015417 0.012346 0.000000 -0.015417 0.999881 -0.000067 13.010300 -0.012345 -0.000123 0.999924 0.000000 0.000000 0.000000 0.000000 1.000000
0.999770 0.013775 0.016444 0.000000 -0.013811 0.999902 0.002090 13.010300 -0.016413 -0.002316 0.999863 -0.000000 0.000000 0.000000 0.000000 1.000000
0.999724 0.012205 0.020094 -0.000000 -0.012274 0.999919 0.003304 13.010300 -0.020052 -0.003550 0.999793 0.000000 0.000000 0.000000 0.000000 1.000000
0.999699 0.010670 0.022071 -0.000000 -0.010743 0.999937 0.003211 13.010300 -0.022035 -0.003447 0.999751 0.000000 0.000000 0.000000 0.000000 1.000000
0.999704 0.010550 0.021908 0.000000 -0.010606 0.999941 0.002466 13.010300 -0.021881 -0.002698 0.999757 0.000000 0.000000 0.000000 0.000000 1.000000
0.999701 0.013348 0.020468 -0.000000 -0.013401 0.999907 0.002439 13.010300 -0.020434 -0.002713 0.999788 0.000000 0.000000 0.000000 0.000000 1.000000
0.999647 0.018444 0.019135 0.000000 -0.018524 0.999820 0.004016 13.010300 -0.019058 -0.004369 0.999809 0.000000 0.000000 0.000000 0.000000 1.000000
0.999567 0.022934 0.018458 0.000000 -0.023061 0.999711 0.006723 13.010300 -0.018298 -0.007146 0.999807 0.000000 0.000000 0.000000 0.000000 1.000000
0.999547 0.024264 0.017779 0.000000 -0.024428 0.999661 0.009059 13.010300 -0.017553 -0.009489 0.999801 0.000000 0.000000 0.000000 0.000000 1.000000
0.999609 0.022757 0.016219 0.000000 -0.022916 0.999690 0.009686 13.010300 -0.015994 -0.010054 0.999822 0.000000 0.000000 0.000000 0.000000 1.000000
0.999683 0.021092 0.013732 0.000000 -0.021209 0.999740 0.008426 13.010300 -0.013551 -0.008715 0.999870 0.000000 0.000000 0.000000 0.000000 1.000000
0.999707 0.021572 0.010992 0.000000 -0.021643 0.999746 0.006335 13.010300 -0.010853 -0.006571 0.999920 0.000000 0.000000 0.000000 0.000000 1.000000
0.999666 0.024416 0.008449 -0.000000 -0.024458 0.999689 0.004939 13.010300 -0.008326 -0.005144 0.999952 0.000000 0.000000 0.000000 0.000000 1.000000
0.999579 0.028429 0.005848 -0.000000 -0.028460 0.999581 0.005254 13.010300 -0.005696 -0.005418 0.999969 0.000000 0.000000 0.000000 0.000000 1.000000
0.999475 0.032302 0.002672 0.000000 -0.032321 0.999452 0.007205 13.010300 -0.002437 -0.007287 0.999970 -0.000000 0.000000 0.000000 0.000000 1.000000
0.999389 0.034922 -0.001268 0.000000 -0.034908 0.999344 0.009667 13.010300 0.001604 -0.009617 0.999952 0.000000 0.000000 0.000000 0.000000 1.000000
0.999358 0.035344 -0.005782 0.000000 -0.035278 0.999316 0.011071 13.010300 0.006169 -0.010859 0.999922 0.000000 0.000000 0.000000 0.000000 1.000000
0.999385 0.033446 -0.010569 0.000000 -0.033337 0.999391 0.010300 13.010300 0.010907 -0.009941 0.999891 0.000000 0.000000 0.000000 0.000000 1.000000
0.999417 0.030536 -0.015269 0.000000 -0.030427 0.999510 0.007311 13.010300 0.015485 -0.006842 0.999857 0.000000 0.000000 0.000000 0.000000 1.000000
0.999403 0.028627 -0.019367 -0.000000 -0.028575 0.999587 0.002934 13.010300 0.019443 -0.002379 0.999808 0.000000 0.000000 0.000000 0.000000 1.000000
0.999335 0.028847 -0.022322 -0.000000 -0.028897 0.999580 -0.001941 13.010300 0.022256 0.002584 0.999749 0.000000 0.000000 0.000000 0.000000 1.000000
0.999243 0.030752 -0.023828 0.000000 -0.030923 0.999498 -0.006825 13.010300 0.023606 0.007557 0.999693 -0.000000 0.000000 0.000000 0.000000 1.000000
0.999168 0.033091 -0.023821 0.000000 -0.033366 0.999380 -0.011238 13.010300 0.023434 0.012024 0.999653 0.000000 0.000000 0.000000 0.000000 1.000000
0.999148 0.034805 -0.022164 0.000000 -0.035125 0.999282 -0.014188 13.010300 0.021654 0.014954 0.999654 0.000000 0.000000 0.000000 0.000000 1.000000
0.999209 0.035197 -0.018516 -0.000000 -0.035469 0.999265 -0.014572 13.010300 0.017990 0.015218 0.999722 0.000000 0.000000 0.000000 0.000000 1.000000
0.999349 0.033745 -0.012778 -0.000000 -0.033902 0.999350 -0.012281 13.010300 0.012355 0.012707 0.999843 -0.000000 0.000000 0.000000 0.000000 1.000000
0.999522 0.030386 -0.005741 0.000000 -0.030435 0.999499 -0.008634 13.010300 0.005476 0.008804 0.999946 0.000000 0.000000 0.000000 0.000000 1.000000
0.999663 0.025939 0.000944 0.000000 -0.025933 0.999649 -0.005425 13.010300 -0.001084 0.005398 0.999985 0.000000 0.000000 0.000000 0.000000 1.000000
0.999748 0.021675 0.005834 0.000000 -0.021654 0.999759 -0.003558 13.010300 -0.005910 0.003431 0.999977 0.000000 0.000000 0.000000 0.000000 1.000000
0.999794 0.018380 0.008632 0.000000 -0.018357 0.999828 -0.002805 13.010300 -0.008682 0.002646 0.999959 0.000000 0.000000 0.000000 0.000000 1.000000</float_array>
        <technique_common>
          <accessor source="#mixamorig7_Spine2-Matrix-animation-output-transform-array" count="31" stride="16">
            <param type="float4x4"/>
          </accessor>
        </technique_common>
      </source>
      <source id="mixamorig7_Spine2-Interpolations">
        <Name_array id="mixamorig7_Spine2-Interpolations-array" count="31">
 LINEAR LINEAR LINEAR LINEAR LINEAR LINEAR LINEAR LINEAR LINEAR LINEAR LINEAR
LINEAR LINEAR LINEAR LINEAR LINEAR LINEAR LINEAR LINEAR LINEAR LINEAR LINEAR LINEAR
LINEAR LINEAR LINEAR LINEAR LINEAR LINEAR LINEAR LINEAR</Name_array>
        <technique_common>
          <accessor source="#mixamorig7_Spine2-Interpolations-array" count="31">
            <param type="name"/>
          </accessor>
        </technique_common>
      </source>
      <sampler id="mixamorig7_Spine2-Matrix-animation-transform">
        <input semantic="INPUT" source="#mixamorig7_Spine2-Matrix-animation-input"/>
        <input semantic="OUTPUT" source="#mixamorig7_Spine2-Matrix-animation-output-transform"/>
        <input semantic="INTERPOLATION" source="#mixamorig7_Spine2-Interpolations"/>
      </sampler>
      <channel source="#mixamorig7_Spine2-Matrix-animation-transform" target="mixamorig7_Spine2/matrix"/>
    </animation>
    <animation id="mixamorig7_Neck-anim" name="mixamorig7_Neck">
      <source id="mixamorig7_Neck-Matrix-animation-input">
        <float_array id="mixamorig7_Neck-Matrix-animation-input-array" count="31">

0.000000 0.033333 0.066667 0.100000 0.133333 0.166667 0.200000 0.233333 0.266667 0.300000 0.333333 0.366667 0.400000 0.433333 0.466667 0.500000
0.533333 0.566667 0.600000 0.633333 0.666667 0.700000 0.733333 0.766667 0.800000 0.833333 0.866667 0.900000 0.933333 0.966667 1.000000</float_array>
        <technique_common>
          <accessor source="#mixamorig7_Neck-Matrix-animation-input-array" count="31">
            <param name="TIME" type="float"/>
          </accessor>
        </technique_common>
      </source>
      <source id="mixamorig7_Neck-Matrix-animation-output-transform">
        <float_array id="mixamorig7_Neck-Matrix-animation-output-transform-array" count="496">

0.998365 -0.057151 -0.001025 0.000000 0.056432 0.988344 -0.141392 14.636600 0.009093 0.141103 0.989953 -0.000000 0.000000 0.000000 0.000000 1.000000
0.998369 -0.057030 -0.002757 0.000000 0.056068 0.988365 -0.141387 14.636600 0.010788 0.141002 0.989951 0.000000 0.000000 0.000000 0.000000 1.000000
0.998361 -0.057098 -0.003924 -0.000000 0.055877 0.987258 -0.148993 14.636600 0.012381 0.148529 0.988831 0.000000 0.000000 0.000000 0.000000 1.000000
0.998483 -0.054876 -0.004485 0.000000 0.053409 0.985141 -0.163235 14.636600 0.013376 0.162748 0.986577 0.000000 0.000000 0.000000 0.000000 1.000000
0.998795 -0.048843 -0.004692 0.000000 0.047231 0.982917 -0.177888 14.636600 0.013300 0.177452 0.984040 0.000000 0.000000 0.000000 0.000000 1.000000
0.999152 -0.040871 -0.005020 0.000000 0.039235 0.981915 -0.185211 14.636600 0.012499 0.184857 0.982686 -0.000000 0.000000 0.000000 0.000000 1.000000
0.999367 -0.035067 -0.005944 -0.000000 0.033392 0.982608 -0.182666 14.636600 0.012246 0.182352 0.983157 0.000000 0.000000 0.000000 0.000000 1.000000
0.999399 -0.033816 -0.007599 -0.000000 0.031962 0.983997 -0.175295 14.636600 0.013405 0.174946 0.984487 0.000000 0.000000 0.000000 0.000000 1.000000
0.999320 -0.035643 -0.009490 -0.000000 0.033502 0.984752 -0.170707 14.636600 0.015430 0.170273 0.985276 0.000000 0.000000 0.000000 0.000000 1.000000
0.999248 -0.037275 -0.010652 0.000000 0.034906 0.984629 -0.171133 14.636600 0.016867 0.170633 0.985190 -0.000000 0.000000 0.000000 0.000000 1.000000
0.999260 -0.037032 -0.010379 0.000000 0.034712 0.984632 -0.171156 14.636600 0.016558 0.170669 0.985189 0.000000 0.000000 0.000000 0.000000 1.000000
0.999325 -0.035614 -0.008994 0.000000 0.033657 0.985859 -0.164160 14.636600 0.014713 0.163746 0.986393 -0.000000 0.000000 0.000000 0.000000 1.000000
0.999376 -0.034423 -0.007860 0.000000 0.032850 0.988061 -0.150520 14.636600 0.012948 0.150168 0.988576 0.000000 0.000000 0.000000 0.000000 1.000000
0.999373 -0.034382 -0.008447 0.000000 0.032884 0.989836 -0.138360 14.636600 0.013118 0.137995 0.990346 0.000000 0.000000 0.000000 0.000000 1.000000
0.999281 -0.036237 -0.011167 0.000000 0.034387 0.990125 -0.135903 14.636600 0.015981 0.135421 0.990659 0.000000 0.000000 0.000000 0.000000 1.000000
0.999068 -0.040508 -0.014933 0.000000 0.037951 0.988916 -0.143546 14.636600 0.020583 0.142846 0.989531 0.000000 0.000000 0.000000 0.000000 1.000000
0.998771 -0.046276 -0.017775 -0.000000 0.043006 0.987191 -0.153634 14.636600 0.024657 0.152681 0.987968 0.000000 0.000000 0.000000 0.000000 1.000000
0.998548 -0.050757 -0.018022 0.000000 0.047296 0.986386 -0.157497 14.636600 0.025771 0.156416 0.987355 0.000000 0.000000 0.000000 0.000000 1.000000
0.998576 -0.051104 -0.015285 0.000000 0.048181 0.987111 -0.152615 14.636600 0.022887 0.151661 0.988168 0.000000 0.000000 0.000000 0.000000 1.000000
0.998844 -0.046882 -0.010645 0.000000 0.044871 0.988606 -0.143686 14.636600 0.017260 0.143043 0.989566 0.000000 0.000000 0.000000 0.000000 1.000000
0.999161 -0.040518 -0.005981 -0.000000 0.039314 0.989740 -0.137362 14.636600 0.011485 0.137012 0.990503 0.000000 0.000000 0.000000 0.000000 1.000000
0.999365 -0.035518 -0.002864 0.000000 0.034799 0.990103 -0.135957 14.636600 0.007665 0.135771 0.990711 0.000000 0.000000 0.000000 0.000000 1.000000
0.999400 -0.034599 -0.001821 0.000000 0.034029 0.990091 -0.136243 14.636600 0.006517 0.136100 0.990674 0.000000 0.000000 0.000000 0.000000 1.000000
0.999234 -0.039057 -0.002428 0.000000 0.038379 0.990228 -0.134069 14.636600 0.007640 0.133873 0.990969 0.000000 0.000000 0.000000 0.000000 1.000000
0.998814 -0.048530 -0.003916 0.000000 0.047618 0.990471 -0.129225 14.636600 0.010150 0.128886 0.991608 0.000000 0.000000 0.000000 0.000000 1.000000
0.998157 -0.060422 -0.005569 0.000000 0.059253 0.990375 -0.125082 14.636600 0.013073 0.124522 0.992131 0.000000 0.000000 0.000000 0.000000 1.000000
0.997510 -0.070205 -0.006710 -0.000000 0.068831 0.989867 -0.124201 14.636600 0.015362 0.123430 0.992234 -0.000000 0.000000 0.000000 0.000000 1.000000
0.997244 -0.073879 -0.006743 0.000000 0.072446 0.989392 -0.125914 14.636600 0.015974 0.125078 0.992018 0.000000 0.000000 0.000000 0.000000 1.000000
0.997466 -0.070927 -0.005516 0.000000 0.069634 0.989269 -0.128448 14.636600 0.014568 0.127738 0.991701 0.000000 0.000000 0.000000 0.000000 1.000000
0.997919 -0.064384 -0.003510 -0.000000 0.063364 0.989276 -0.131597 14.636600 0.011945 0.131101 0.991297 0.000000 0.000000 0.000000 0.000000 1.000000
0.998329 -0.057775 -0.001398 0.000000 0.057046 0.989037 -0.136206 14.636600 0.009252 0.135898 0.990680 0.000000 0.000000 0.000000 0.000000 1.000000</float_array>
        <technique_common>
          <accessor source="#mixamorig7_Neck-Matrix-animation-output-transform-array" count="31" stride="16">
            <param type="float4x4"/>
          </accessor>
        </technique_common>
      </source>
      <source id="mixamorig7_Neck-Interpolations">
        <Name_array id="mixamorig7_Neck-Interpolations-array" count="31">
 LINEAR LINEAR LINEAR LINEAR LINEAR LINEAR LINEAR LINEAR LINEAR LINEAR LINEAR
LINEAR LINEAR LINEAR LINEAR LINEAR LINEAR LINEAR LINEAR LINEAR LINEAR LINEAR LINEAR
LINEAR LINEAR LINEAR LINEAR LINEAR LINEAR LINEAR LINEAR</Name_array>
        <technique_common>
          <accessor source="#mixamorig7_Neck-Interpolations-array" count="31">
            <param type="name"/>
          </accessor>
        </technique_common>
      </source>
      <sampler id="mixamorig7_Neck-Matrix-animation-transform">
        <input semantic="INPUT" source="#mixamorig7_Neck-Matrix-animation-input"/>
        <input semantic="OUTPUT" source="#mixamorig7_Neck-Matrix-animation-output-transform"/>
        <input semantic="INTERPOLATION" source="#mixamorig7_Neck-Interpolations"/>
      </sampler>
      <channel source="#mixamorig7_Neck-Matrix-animation-transform" target="mixamorig7_Neck/matrix"/>
    </animation>
    <animation id="mixamorig7_Head-anim" name="mixamorig7_Head">
      <source id="mixamorig7_Head-Matrix-animation-input">
        <float_array id="mixamorig7_Head-Matrix-animation-input-array" count="31">

0.000000 0.033333 0.066667 0.100000 0.133333 0.166667 0.200000 0.233333 0.266667 0.300000 0.333333 0.366667 0.400000 0.433333 0.466667 0.500000
0.533333 0.566667 0.600000 0.633333 0.666667 0.700000 0.733333 0.766667 0.800000 0.833333 0.866667 0.900000 0.933333 0.966667 1.000000</float_array>
        <technique_common>
          <accessor source="#mixamorig7_Head-Matrix-animation-input-array" count="31">
            <param name="TIME" type="float"/>
          </accessor>
        </technique_common>
      </source>
      <source id="mixamorig7_Head-Matrix-animation-output-transform">
        <float_array id="mixamorig7_Head-Matrix-animation-output-transform-array" count="496">

0.998365 -0.057151 -0.001025 -0.000000 0.057100 0.997979 -0.027889 6.944300 0.002616 0.027785 0.999610 1.982500 0.000000 0.000000 0.000000 1.000000
0.998369 -0.057030 -0.002757 0.000000 0.056931 0.997989 -0.027884 6.944300 0.004342 0.027682 0.999607 1.982500 0.000000 0.000000 0.000000 1.000000
0.998361 -0.057098 -0.003924 -0.000000 0.056923 0.997745 -0.035567 6.944300 0.005946 0.035286 0.999360 1.982500 0.000000 0.000000 0.000000 1.000000
0.998483 -0.054876 -0.004485 0.000000 0.054584 0.997258 -0.049974 6.944300 0.007215 0.049653 0.998740 1.982500 0.000000 0.000000 0.000000 1.000000
0.998795 -0.048844 -0.004692 0.000000 0.048438 0.996721 -0.064820 6.944300 0.007842 0.064515 0.997886 1.982500 0.000000 0.000000 0.000000 1.000000
0.999152 -0.040871 -0.005020 -0.000000 0.040402 0.996568 -0.072250 6.944300 0.007956 0.071986 0.997374 1.982500 0.000000 0.000000 0.000000 1.000000
0.999367 -0.035067 -0.005944 0.000000 0.034568 0.996971 -0.069668 6.944300 0.008369 0.069418 0.997553 1.982500 0.000000 0.000000 0.000000 1.000000
0.999399 -0.033816 -0.007599 0.000000 0.033279 0.997509 -0.062193 6.944300 0.009683 0.061903 0.998035 1.982500 0.000000 0.000000 0.000000 1.000000
0.999320 -0.035643 -0.009490 -0.000000 0.035040 0.997728 -0.057545 6.944300 0.011519 0.057174 0.998298 1.982500 0.000000 0.000000 0.000000 1.000000
0.999248 -0.037275 -0.010652 0.000000 0.036598 0.997647 -0.057979 6.944300 0.012788 0.057545 0.998261 1.982500 0.000000 0.000000 0.000000 1.000000
0.999260 -0.037032 -0.010379 0.000000 0.036370 0.997654 -0.058002 6.944300 0.012503 0.057581 0.998263 1.982500 0.000000 0.000000 0.000000 1.000000
0.999325 -0.035614 -0.008994 0.000000 0.035112 0.998086 -0.050914 6.944300 0.010790 0.050563 0.998663 1.982500 0.000000 0.000000 0.000000 1.000000
0.999376 -0.034423 -0.007860 0.000000 0.034109 0.998729 -0.037114 6.944300 0.009128 0.036823 0.999280 1.982500 0.000000 0.000000 0.000000 1.000000
0.999373 -0.034382 -0.008447 0.000000 0.034163 0.999108 -0.024831 6.944300 0.009293 0.024527 0.999656 1.982500 0.000000 0.000000 0.000000 1.000000
0.999281 -0.036237 -0.011167 0.000000 0.035981 0.999102 -0.022355 6.944300 0.011967 0.021937 0.999688 1.982500 0.000000 0.000000 0.000000 1.000000
0.999068 -0.040508 -0.014933 0.000000 0.040045 0.998745 -0.030077 6.944300 0.016133 0.029451 0.999436 1.982500 0.000000 0.000000 0.000000 1.000000
0.998771 -0.046276 -0.017775 0.000000 0.045531 0.998151 -0.040277 6.944300 0.019606 0.039418 0.999030 1.982500 0.000000 0.000000 0.000000 1.000000
0.998548 -0.050757 -0.018022 -0.000000 0.049920 0.997775 -0.044184 6.944300 0.020225 0.043221 0.998861 1.982500 0.000000 0.000000 0.000000 1.000000
0.998576 -0.051104 -0.015285 0.000000 0.050472 0.997954 -0.039241 6.944300 0.017259 0.038414 0.999113 1.982500 0.000000 0.000000 0.000000 1.000000
0.998844 -0.046882 -0.010645 0.000000 0.046542 0.998459 -0.030212 6.944300 0.012045 0.029682 0.999487 1.982500 0.000000 0.000000 0.000000 1.000000
0.999161 -0.040518 -0.005981 -0.000000 0.040365 0.998901 -0.023822 6.944300 0.006940 0.023561 0.999698 1.982500 0.000000 0.000000 0.000000 1.000000
0.999365 -0.035518 -0.002864 0.000000 0.035445 0.999120 -0.022403 6.944300 0.003657 0.022287 0.999745 1.982500 0.000000 0.000000 0.000000 1.000000
0.999400 -0.034599 -0.001821 0.000000 0.034549 0.999145 -0.022691 6.944300 0.002604 0.022615 0.999741 1.982500 0.000000 0.000000 0.000000 1.000000
0.999234 -0.039057 -0.002428 0.000000 0.038999 0.999029 -0.020498 6.944300 0.003226 0.020388 0.999787 1.982500 0.000000 0.000000 0.000000 1.000000
0.998814 -0.048530 -0.003916 0.000000 0.048463 0.998703 -0.015613 6.944300 0.004668 0.015405 0.999870 1.982500 0.000000 0.000000 0.000000 1.000000
0.998157 -0.060422 -0.005569 0.000000 0.060355 0.998111 -0.011438 6.944300 0.006250 0.011080 0.999919 1.982500 0.000000 0.000000 0.000000 1.000000
0.997510 -0.070205 -0.006710 -0.000000 0.070132 0.997482 -0.010550 6.944300 0.007434 0.010053 0.999922 1.982500 0.000000 0.000000 0.000000 1.000000
0.997244 -0.073879 -0.006743 0.000000 0.073793 0.997198 -0.012277 6.944300 0.007631 0.011745 0.999902 1.982500 0.000000 0.000000 0.000000 1.000000
0.997466 -0.070927 -0.005516 0.000000 0.070839 0.997378 -0.014830 6.944300 0.006554 0.014401 0.999875 1.982500 0.000000 0.000000 0.000000 1.000000
0.997919 -0.064384 -0.003510 0.000000 0.064311 0.997767 -0.018005 6.944300 0.004661 0.017742 0.999832 1.982500 0.000000 0.000000 0.000000 1.000000
0.998329 -0.057775 -0.001398 0.000000 0.057728 0.998075 -0.022654 6.944300 0.002704 0.022535 0.999742 1.982500 0.000000 0.000000 0.000000 1.000000</float_array>
        <technique_common>
